PRSPheno	SampleSize	pheno	meanp	meanratio	sdratio	meanr2	cvr2	meanthresh	meanlogp	sdthresh	sdlogp	sdsnp	meansnp	lower	upper
1	GPpsy	DS_100K	abletoconfide.baseline	0.0497419695	0.0386706357540785	0.0252494046145804	0.00023450858	0.470055979430578	0.2801	0.879588001734408	0.29353040728347	0.814991614253011	39511.0710302259	64093.8	-0.0108181972904991	0.088159468798656
2	GPpsy	DS_100K	agefirstsex.baseline	0.026760614	0.0368464851295511	0.0160495729023274	0.00023799092	0.504199807663023	0.4101	0.842596873227228	0.432458206073142	0.921935429895368	54137.7118456052	72705.1	0.00538932224098949	0.0683036480181127
3	GPpsy	DS_100K	alcoholfreq.baseline	0.021216175602	0.0559826667940214	0.0522434244963315	0.0003051828	0.708873713012596	0.27	0.722184874961636	0.286937856222098	0.353652283440615	34538.4095189689	64086.9	-0.0464144452187883	0.158379778806831
4	GPpsy	DS_100K	alevels.baseline	0.102445562072	0.0663264891828002	0.0600623526711644	0.00034950761	0.857366848456868	0.3201	0.861978875828839	0.36747802655397	0.837257663738451	43763.8377213425	65942.1	-0.0513957220526819	0.184048700418282
5	GPpsy	DS_100K	averageatage10.baseline	0.048180164	0.0435192768205894	0.0394609726548904	0.00024334843	0.597417234607012	0.1253	1.5397940008672	0.156525503779203	1.06320548164246	35822.0190362483	36323.5	-0.0338242295829959	0.120862783224175
6	GPpsy	DS_100K	college.baseline	0.00289141191429	0.1051893432173	0.0856445714388414	0.0005949399	0.570612453642928	0.455	0.464781748188864	0.323565208952453	0.384164025796519	36039.9544125066	90058.5	-0.0626740168028287	0.273052703237429
7	GPpsy	DS_100K	currentsmoking.baseline	0.019921239175	0.0950648890204128	0.0566289008907631	0.0006044443	0.596749770186462	0.26	0.769897000433602	0.290402020194993	0.408629078288162	36257.3484580865	61636.1	-0.0159277567254829	0.206057534766309
8	GPpsy	DS_100K	DepAll	1.196989814461e-06	1.02981471122255	0.521679569942179	0.006207356	0.287790519041157	0.305	0.674472749489669	0.285238691469287	0.39831351301604	36358.781439824	69896.7	0.00732275413588201	2.05230666830923
9	GPpsy	DS_100K	educatedyrs	0.002447360725	0.134852295055389	0.0539914802459035	0.0008451561	0.34438031926309	0.305	0.722184874961636	0.295757032413808	0.475139747996947	40353.9929958748	68305.4	0.0290289937734179	0.24067559633736
10	GPpsy	DS_100K	educationage.baseline	0.0236837564	0.0642353225262645	0.0411306750923422	0.00038071228	0.462192970497181	0.4301	0.7	0.352789030441707	0.883098867771375	45870.7617450012	82884.2	-0.0163808006547262	0.144851445707255
11	GPpsy	DS_100K	eversmoked.baseline	0.0028336796702	0.0846919277789745	0.0367265975133357	0.0005572766	0.491456653234175	0.1351	1.15228787452803	0.12692119164619	0.724237621436674	28363.5936621813	42396.1	0.0127077966528366	0.156676058905112
12	GPpsy	DS_100K	familyhappiness.baseline	0.004731818072	0.179136733723282	0.0621334198066976	0.0012234766	0.46067993473224	0.2451	1.0301029995664	0.312118371419847	0.830291088678356	44097.6660230196	54981.7	0.0573552309021549	0.300918236544409
13	GPpsy	DS_100K	father.age	0.099226048	0.0718153121825449	0.0311038574866496	0.0005022349	0.551494930426623	0.2702	1.1397940008672	0.315334319942079	1.06926480876457	47805.8545884637	58248.4	0.0108517515087116	0.132778872856378
14	GPpsy	DS_100K	father.severedepression	0.03896654023	0.186035068147402	0.141473451839554	0.0011365709	0.635065838995879	0.3051	0.792081875395238	0.186082687713464	0.833855307751101	36502.3670899117	73298.5	-0.0912528974581229	0.463323033752927
15	GPpsy	DS_100K	financehappiness.baseline	0.01207956793	0.144963024090051	0.0694942574715059	0.0009002104	0.525504734348884	0.185	0.874472749489669	0.147290340635238	0.379257771968664	29675.4145484477	53396.2	0.00875427944589893	0.281171768734202
16	GPpsy	DS_100K	getupmorning.baseline	0.019354714145	0.0535091463914867	0.0350528855210298	0.00033649985	0.741307204432907	0.1501	1.09208187539524	0.124588611928307	0.735436864897916	28068.6901544922	46181.9	-0.0151945092297318	0.122212802012705
17	GPpsy	DS_100K	GPpsy	8.09141788341652e-24	0.874955645062275	0.295805590597872	0.005322573	0.135021813203572	0.45	0.441566877563247	0.313581462037113	0.310267814847921	32276.9676911158	90710	0.295176687490445	1.4547346026341
18	GPpsy	DS_100K	happiness.baseline	0.002417763577	0.185612657717814	0.0752620210545087	0.0011748423	0.374500898934415	0.235	0.852287874528034	0.293494274030838	0.438989804729305	37844.8912002077	56114.2	0.038099096450977	0.333126218984651
19	GPpsy	DS_100K	healthhappiness.baseline	0.01010376203761	0.224409402221301	0.129422591919163	0.0013474921	0.611569678708292	0.31	0.8	0.379912270574844	0.527698417963915	46184.0252612668	62803	-0.0292588779402582	0.478077682382859
20	GPpsy	DS_100K	ICD10Dep	0.00086513077	0.449537052060737	0.274921771789416	0.002593088	0.422018292785938	0.335	0.717069622716898	0.365946261993024	0.49943460525968	43634.7235786923	68737.3	-0.0893096206465188	0.988383724767993
21	GPpsy	DS_100K	ICD10Dep.exclpsych	0.00418505957668	0.493925619019427	0.356655883261173	0.002737745	0.55032665404017	0.255	0.804575749056068	0.290067042059054	0.447006769915949	37935.6899972396	60210.7	-0.205119912172473	1.19297115021133
22	GPpsy	DS_100K	income.baseline	0.01438906320661	0.102285619596482	0.0691159310463986	0.00059051325	0.458306606511659	0.26	0.782390874094432	0.294203255514883	0.422314084677208	37478.0191816187	61120	-0.0331816052544595	0.237752844447423
23	GPpsy	DS_100K	insomnia.baseline	2.554933838e-05	0.110957479798716	0.0538423804030209	0.000646571	0.207509250353624	0.4	0.71249387366083	0.430761599444003	0.589349870732843	51978.86257883	72267.9	0.00542641420879501	0.216488545388637
24	GPpsy	DS_100K	LifetimeMDD	5.33322802338445e-06	1	0	0.00699565	0.462633252644411	0.295	0.769897000433602	0.37449966622148	0.439997887718898	42069.3254427868	61831.1	1	1
25	GPpsy	DS_100K	maternalsmokingatbirth.baseline	0.0101689249	0.0912395462852473	0.060740665702434	0.0005005227	0.482306729574064	0.275	0.734678748622466	0.289875452182101	0.397370929796432	36482.6453231914	64349	-0.0278121584915232	0.210291251062018
26	GPpsy	DS_100K	mother.age	0.0877411459	0.0609119393942423	0.0436755470145578	0.00041005547	0.754195337336214	0.4001	0.852287874528034	0.43130305148726	0.916101057096962	53498.4388810656	71569.6	-0.0246921327542909	0.146516011542776
27	GPpsy	DS_100K	mother.bronchitis	0.03289151144	0.10986739400892	0.0836229618043344	0.0006955851	0.616829259296237	0.22	0.774472749489669	0.153115787704745	0.3590381455222	28964.7773192814	60723.6	-0.0540336111275751	0.273768399145416
28	GPpsy	DS_100K	mother.severedepression	0.0014868644868	0.168692644615164	0.0565088540040841	0.0011045819	0.408547238308794	0.22	0.769357497244931	0.145678489222748	0.355751999741347	28211.3990454213	61043.9	0.057935290767159	0.279449998463169
29	GPpsy	DS_100K	neuroticism.anxious	1.358463469598e-09	0.320393151451446	0.150899248882004	0.001896563	0.228910444490884	0.24	0.701772876696043	0.150554530541816	0.2853847638267	26466.9871189668	65143.6	0.0246306236427179	0.616155679260174
30	GPpsy	DS_100K	neuroticism.fedup	6.20943322773e-10	0.325100395673283	0.114494523216983	0.001990365	0.192520407379166	0.295	0.679588001734407	0.283284309484306	0.376753987701539	34835.7674045896	68648	0.100691130167996	0.54950966117857
31	GPpsy	DS_100K	neuroticism.guilt	7.868782064121e-07	0.268483539163913	0.124962064142435	0.0016336269	0.279787001807377	0.5	0.552287874528034	0.444097086482474	0.554466467125104	51028.9636471289	85299.7	0.0235578934447408	0.513409184883086
32	GPpsy	DS_100K	neuroticism.irritability	3.9271974585689e-06	0.253555933754994	0.0991355456849983	0.0016254623	0.361622207671884	0.385	0.642596873227228	0.364424965604108	0.51429435657089	45030.3019458379	76289	0.0592502642123976	0.447861603297591
33	GPpsy	DS_100K	neuroticism.loneliness	3.21607486716e-07	0.295364235357508	0.130378008564006	0.00180364	0.299170304647287	0.51	0.522184874961636	0.435124503255486	0.535298998751288	49143.6517230637	87615.3	0.0398233385720564	0.55090513214296
34	GPpsy	DS_100K	neuroticism.miserableness	9.11286882803921e-12	0.377059802885887	0.111362006228504	0.002366112	0.235290537849269	0.38	0.6	0.361478445646026	0.416113799939645	41603.7145291406	76697.2	0.158790270678019	0.595329335093756
35	GPpsy	DS_100K	neuroticism.moodswings	7.08663843853609e-12	0.43900175636036	0.141664310964575	0.002725687	0.196559634051858	0.215	0.869897000433602	0.292546292633035	0.377687023059149	35408.3074371914	52744.3	0.161339706869793	0.716663805850926
36	GPpsy	DS_100K	neuroticism.nerves	2.7473529933385e-05	0.261493243476244	0.141494239486408	0.0016155104	0.400150119629939	0.54	0.369897000433602	0.347051068928543	0.339786477069791	35435.6302961989	98932.6	-0.015835465917115	0.538821952869603
37	GPpsy	DS_100K	neuroticism.nervous	6.1254749221004e-06	0.254251224010901	0.162383478395614	0.0014530765	0.386813896283293	0.43	0.549485002168009	0.402906109823782	0.422255290778065	42913.289869094	81172.5	-0.0640203936445026	0.572522841666304
38	GPpsy	DS_100K	neuroticism.sensitivity	4.90509238294718e-06	0.233964596079287	0.117616469442296	0.0014545264	0.400285432328273	0.41	0.531875876262441	0.341402336775183	0.385914977829933	38385.0005805219	82838.7	0.00343631597238678	0.464492876186188
39	GPpsy	DS_100K	neuroticism.tense	6.06396177071815e-07	0.389661547918522	0.218563539290598	0.002281178	0.325145109802393	0.41	0.639794000867204	0.419523539268061	0.519344549322947	47985.7338410768	75871.4	-0.0387229890910501	0.818046084928095
40	GPpsy	DS_100K	neuroticism.worrytoolong	0.000226729389161	0.144334528000661	0.0835182731555614	0.000872917	0.360416936921321	0.3652	1.0698970004336	0.443319749165317	1.11669160510323	55280.5769522875	64324.2	-0.019361287384239	0.308030343385562
41	GPpsy	DS_100K	neuroticismscore.baseline	2.80063068694338e-17	0.556700344724178	0.218522977154914	0.003397211	0.20593731216061	0.32	0.639794000867204	0.289827534923789	0.368683674343553	36233.1315862215	72258.9	0.128395309500547	0.985005379947809
42	GPpsy	DS_100K	nvehicles.baseline	0.068091896	0.0260070600582547	0.0165545357901971	0.00015520313	0.528332467427522	0.2301	0.979588001734408	0.290696653651955	0.78454146926758	37727.484493698	55086	-0.00643983009053166	0.058453950207041
43	GPpsy	DS_100K	otheractivity.baseline	0.30072771	0.0131165623012373	0.0135684018314596	6.971022e-05	0.772707075745342	0.1954	1.60969100130081	0.311036332282902	1.24352108668867	46917.818392021	42278	-0.0134775052884234	0.0397106298908981
44	GPpsy	DS_100K	otherqualifications.baseline	0.084843259	0.0365666513090179	0.026899883723353	0.00019760533	0.630392897688129	0.1554	1.7301029995664	0.306596441234692	1.16058373204027	43635.9841669948	33776	-0.0161571207887539	0.0892904234067897
45	GPpsy	DS_100K	physworkinjob.baseline	0.2334032872	0.0397009719804538	0.0592394143360785	0.00020417417	1.23221203663874	0.2053	1.40969100130081	0.305690856912666	1.15257519603122	44758.3889765682	46087	-0.07640828011826	0.155810224079168
46	GPpsy	DS_100K	Psypsy	2.4843682322e-12	0.58343616201782	0.259730625697146	0.00343539	0.139037418198202	0.445	0.539794000867204	0.400312378024962	0.45015537342747	43550.7835608806	83131.1	0.0743641356514142	1.09250818838423
47	GPpsy	DS_100K	self.bronchitis	0.0394146995613	0.122043422356506	0.0735665144868376	0.0008657199	0.785979834106905	0.265	0.81249387366083	0.304640042600371	0.471280960379468	40987.6336370699	60477.5	-0.0221469460376957	0.266233790750708
48	GPpsy	DS_100K	self.highbloodpressure	0.02603239805	0.0681343083763251	0.0391250824487913	0.00040506278	0.515238152617466	0.1402	1.31249387366083	0.155792454531305	0.943488604581695	33213.5106913504	41306	-0.00855085322330579	0.144819469975956
49	GPpsy	DS_100K	self.stroke	0.246273175	0.0669656014052923	0.0653651831045895	0.00033344566	0.878434964808362	0.1204	1.7301029995664	0.179518615562101	1.14026164234061	38432.2517598609	32899	-0.0611501574797031	0.195081360290288
50	GPpsy	DS_100K	SelfRepDep	1.1770986303729e-06	0.450337421789774	0.158459466512568	0.00283197	0.379055039386362	0.3	0.704575749056068	0.289635786616379	0.43530665792958	38035.5899770202	68422.3	0.139756867425141	0.760917976154408
51	GPpsy	DS_100K	sibling.bronchitis	0.0847024899	0.140879461087015	0.104576506882978	0.00089880763	0.612091324818364	0.3401	0.9	0.38272718743251	0.883358016949947	49654.1733163823	66452.8	-0.0640904924036223	0.345849414577652
52	GPpsy	DS_100K	sibling.highbloodpressure	0.08185854987	0.0500512049326044	0.0663902672991244	0.00025748369	1.00698773490873	0.1753	1.51249387366083	0.305541795649775	1.10371198031734	43603.818197875	39285.1	-0.0800737189736793	0.180176128838888
53	GPpsy	DS_100K	sibling.nbrothers	0.01482681757382	0.0541382264790509	0.0609692241225251	0.0003057563	0.777644772490215	0.2751	0.972699872793626	0.314589838784832	0.853735978530133	45529.4115270558	60206	-0.0653614528010983	0.1736379057592
54	GPpsy	DS_100K	sibling.severedepression	0.0004655385016	0.22587430011137	0.0793615622928769	0.0014326966	0.310234540475336	0.3	0.699460496811329	0.285773803324704	0.431680954794747	37393.6572965404	68689.3	0.070325638017331	0.381422962205408
55	GPpsy	DS_100K	smokingexpoutside.baseline	0.2593384916	0.0155792103248101	0.016429533788395	0.000106978734	1.18561476006228	0.1954	1.6301029995664	0.321574667327305	1.23376115475829	48109.8180282477	41162.6	-0.0166226759004441	0.0477810965500642
56	GPpsy	DS_100K	sports.baseline	0.03264095504	0.0540246847250037	0.029265774898047	0.00036176367	0.703290880433848	0.295	0.734678748622466	0.293872610345216	0.467243364183576	39659.8054465167	66877.5	-0.00333623407516841	0.111385603525176
57	GPpsy	DS_100K	stress.closerelativedeath	0.137513362	0.0572329907030653	0.0548016150875275	0.00030797864	0.660270395313029	0.1203	1.52218487496164	0.137550839086257	1.06119469694117	33175.5011952428	36374	-0.0501781748684886	0.164644156274619
58	GPpsy	DS_100K	stress.finance	0.0179592705133	0.163947606743382	0.082489196574909	0.0011202503	0.662856276758519	0.155	0.904575749056068	0.0984603699182795	0.317620643127259	22366.2054917682	49310.9	0.00226878145656004	0.325626432030203
59	GPpsy	DS_100K	stressbinary	0.0013452246017	0.0992250872085782	0.0672361772524109	0.0005640114	0.373663101844937	0.225	0.869897000433602	0.292736134504172	0.427694545680464	37052.8384907583	54338	-0.0325578202061473	0.231007994623304
60	GPpsy	DS_100K	townsend	0.034453392106	0.0506230721390509	0.0316962563816745	0.00031732229	0.528652229868708	0.265	0.782390874094432	0.293494274030838	0.445518523324806	38076.1664598444	61877.5	-0.0115015903690311	0.112747734647133
61	GPpsy	DS_100K	trauma	0.00329030646206	0.34807575113224	0.22669572203538	0.0021459572	0.49327406668924	0.4051	0.872699872793626	0.436710036014236	0.932500086962614	55459.7787999956	71207.9	-0.0962478640571046	0.792399366321584
62	GPpsy	DS_100K	unabletowork.baseline	0.0008806173844	0.345954264328145	0.19515116141225	0.0020202841	0.354350228030276	0.325	0.606348625752111	0.26378652985574	0.354358524006925	31803.3657982925	75070.1	-0.0365420120398661	0.728450540696156
63	GPpsy	DS_100K	years.currenthousing.baseline	0.0469516676	0.0270121124405282	0.0133196611785947	0.00016463465	0.547257681648129	0.395	0.7	0.430406784333147	0.560253163639801	50713.2073265382	71995.3	0.000905576530482559	0.0531186483505738
64	GPpsy	DS_50K	abletoconfide.baseline	0.0882311353	0.081021412041358	0.130588542960745	0.00013816379	0.822604666163401	0.2252	1.2	0.3082840681363	1.01982657794951	43745.1259686278	50457.3	-0.174932132161703	0.336974956244419
65	GPpsy	DS_50K	agefirstsex.baseline	0.0891312746	0.0650564216049435	0.0592361482465743	0.0001611872	0.704576386770826	0.4651	0.709691001300806	0.402674517031643	0.916027443948341	50448.7257304109	83168.6	-0.0510464289583421	0.181159272168229
66	GPpsy	DS_50K	alcoholfreq.baseline	0.07836973391	0.13449997290787	0.264857925397832	0.00021445079	0.877490581893246	0.3952	0.969897000433602	0.375746900630376	1.14424296918186	53528.7144088728	73812.6	-0.384621560871881	0.65362150668762
67	GPpsy	DS_50K	alevels.baseline	0.13922262128	0.0802084852964868	0.0774781349868792	0.00022868806	1.05973498636216	0.1403	1.48239087409443	0.162672848243201	1.09299133054042	36393.0601876542	39308.4	-0.0716486592777964	0.23206562987077
68	GPpsy	DS_50K	averageatage10.baseline	0.11371921592318	0.207963562805694	0.475367255517521	0.00029608692	1.14611196758884	0.2251	0.974472749489669	0.179753194995558	0.818179601626503	37597.4165329954	58149.8	-0.723756258008648	1.13968338362004
69	GPpsy	DS_50K	college.baseline	0.04688036220831	0.11811511844301	0.117223272608833	0.00031151269	1.15361387864501	0.38	0.630102999566398	0.363776488153555	0.478652682719656	43982.9955833944	75486.6	-0.111642495870304	0.347872732756323
70	GPpsy	DS_50K	currentsmoking.baseline	0.07992671709	0.210872561428124	0.403309861410305	0.0003544127	0.903860110454582	0.2453	1.34948500216801	0.316365137143776	1.19984490156757	49248.2641057868	52104.9	-0.579614766936074	1.00135988979232
71	GPpsy	DS_50K	DepAll	0.00155590655802	1.141967772757	0.676370967992069	0.003381636	0.465421269226601	0.3101	0.796657624451305	0.276562410075315	0.818526392706076	36937.7183263335	70372.6	-0.183719324507458	2.46765487002145
72	GPpsy	DS_50K	educatedyrs	0.0566070526	0.184468485547385	0.189379695900435	0.00044765068	0.571145164815018	0.635	0.430102999566398	0.471433982652927	0.562019488319409	54185.9231577312	96845.7	-0.186715718417468	0.555652689512237
73	GPpsy	DS_50K	educationage.baseline	0.0674264224	0.0909507997248294	0.100757001340021	0.00023843819	0.561349593554375	0.32	0.730102999566398	0.379473319220205	0.442231105812201	44343.7324631866	64781.1	-0.106532922901612	0.288434522351271
74	GPpsy	DS_50K	eversmoked.baseline	0.0139825908	0.152695407909031	0.208070328759875	0.000347355	0.415798360164753	0.605	0.392081875395238	0.427167674598889	0.480244680601264	46282.1259572443	98802.7	-0.255122436460324	0.560513252278387
75	GPpsy	DS_50K	familyhappiness.baseline	0.04947513333	0.276271173034334	0.297755873532924	0.0006350308	0.806042519910861	0.1152	1.32218487496164	0.0941580232021326	0.910523105450511	25242.9694284699	37709.3	-0.307330339090197	0.859872685158865
76	GPpsy	DS_50K	father.age	0.091550872	0.207040474987658	0.19617939403181	0.0005250091	0.613513371025666	0.2552	1.13467874862247	0.305728928591617	1.05112124861691	44964.4873037477	56414.4	-0.17747113731469	0.591552087290006
77	GPpsy	DS_50K	father.severedepression	0.043601678	0.260007163200412	0.271668416089313	0.0005635205	0.377183717861178	0.2603	1.3397940008672	0.32273864555292	1.21704419156012	51069.3469966737	54123	-0.272462932334641	0.792477258735466
78	GPpsy	DS_50K	financehappiness.baseline	0.0139955246	0.308187018636066	0.261889079010742	0.0008103249	0.47417793582178	0.3251	0.9	0.380876314131854	0.860259408023072	47901.7660954861	64197.2	-0.205115576224989	0.821489613497121
79	GPpsy	DS_50K	getupmorning.baseline	0.03929912799	0.103237389806783	0.157169626033533	0.00021717868	0.731162775243487	0.275	0.722184874961636	0.286016705028842	0.381061026728698	35464.5436833278	64290	-0.204815077218942	0.411289856832507
80	GPpsy	DS_50K	GPpsy	8.1174926666171e-13	1.26921352554557	1.09322906682795	0.002921295	0.185712108983303	0.52	0.404575749056068	0.358391468152416	0.372615882701075	37988.2403647643	95461.3	-0.8735154454372	3.41194249652834
81	GPpsy	DS_50K	happiness.baseline	0.06316862666	0.362779844971474	0.303319758018794	0.00082374283	0.548708789895732	0.1551	1.0869666231505	0.11876255489187	0.749844237984061	28801.4522166659	46682.3	-0.231726880745363	0.95728657068831
82	GPpsy	DS_50K	healthhappiness.baseline	0.03843430058	0.274603234421817	0.254661932645217	0.0006635401	0.680083110695188	0.53	0.482390874094432	0.423739962188552	0.516342685477745	47772.9577323824	90761.5	-0.224534153562808	0.773740622406442
83	GPpsy	DS_50K	ICD10Dep	0.0228594218	0.371845494305121	0.241151255854667	0.0010236654	0.481976294001273	0.3901	0.890308998699194	0.442621094541746	0.915876994766138	55482.5928642889	68168.5	-0.100810967170026	0.844501955780269
84	GPpsy	DS_50K	ICD10Dep.exclpsych	0.071386274	0.31308936552983	0.184387894641962	0.0009643699	0.578223073975003	0.41	0.660205999132796	0.427395211328656	0.538084732234664	50431.5325504678	74155.5	-0.048310907968415	0.674489639028076
85	GPpsy	DS_50K	income.baseline	0.03569582619	0.144430859331775	0.171902296030189	0.00029815654	0.566210731726998	0.3152	1.01146387799685	0.294201669305635	1.09835602080403	45826.0804903835	67862	-0.192497640887396	0.481359359550946
86	GPpsy	DS_50K	insomnia.baseline	0.00385964770112	0.184435890827874	0.186792980613837	0.0004146338	0.55439587226921	0.48	0.456863623584101	0.376533899905145	0.381829072652617	39424.5196118129	89627.2	-0.181678351175246	0.550550132830993
87	GPpsy	DS_50K	LifetimeMDD	0.009021629745312	1	0	0.0037744582	0.627332100272324	0.3451	0.826760624017703	0.360795556144104	0.859888393021431	44561.6305401856	69883.2	1	1
88	GPpsy	DS_50K	maternalsmokingatbirth.baseline	0.0448034125	0.091429568130267	0.0486197749241922	0.0002784208	0.539259366614773	0.3001	0.882390874094432	0.300813877487208	0.851112934934334	42986.9264187768	65904.6	-0.00386519072114973	0.186724326981684
89	GPpsy	DS_50K	mother.age	0.2635452122	0.0766661843994089	0.0878349246808326	0.0002502812	1.27226041470227	0.2453	1.33187587626244	0.309261144593943	1.20334807480122	47971.8569399462	53013.6	-0.0954902679750231	0.248822636773841
90	GPpsy	DS_50K	mother.bronchitis	0.202006955	0.12286696193845	0.152678204029544	0.00029722653	0.972627323245624	0.2553	1.3301029995664	0.323302764878029	1.20919143809058	49789.9158442528	53554	-0.176382317959456	0.422116241836357
91	GPpsy	DS_50K	mother.severedepression	0.01581869037	0.261994488934278	0.204196088662819	0.0006962164	0.510411210061622	0.1701	1.00177287669604	0.115787592887436	0.734994079251562	26119.0286241021	50816.4	-0.138229844844848	0.662218822713403
92	GPpsy	DS_50K	neuroticism.anxious	2.97511432062762e-05	0.634670397558805	0.870132435690887	0.001146099	0.430608718132586	0.31	0.619382002601611	0.27264140062238	0.308298194778116	31601.6899309023	71953.6	-1.07078917639533	2.34012997151294
93	GPpsy	DS_50K	neuroticism.fedup	2.236626359307e-05	0.603720619798433	0.536636881785779	0.0013393083	0.313960364173684	0.49	0.452287874528034	0.378447119452933	0.392444648371232	40581.6974049468	90447.6	-0.448087668501693	1.65552890809856
94	GPpsy	DS_50K	neuroticism.guilt	0.000111079828994344	0.538255996307093	0.606455686086137	0.0010786182	0.465389223184377	0.4151	0.742596873227228	0.360465886812546	0.895172007831435	47728.9091408737	79609	-0.650397148421735	1.72690914103592
95	GPpsy	DS_50K	neuroticism.irritability	6.793225331e-06	0.50417594623836	0.494442664989878	0.0010932858	0.257121478265165	0.225	0.731875876262441	0.139940463531222	0.300530979355527	25674.2160258974	62154.9	-0.4649316771418	1.47328356961852
96	GPpsy	DS_50K	neuroticism.loneliness	0.016046723557208	0.505781256057627	0.597294262207677	0.0010502309	0.475840770066595	0.2851	0.892081875395238	0.296213305275476	0.83227091946679	41495.211847473	63866.6	-0.664915497869419	1.67647800998467
97	GPpsy	DS_50K	neuroticism.miserableness	3.93961938421e-08	0.688334809879632	0.575776389549782	0.001572974	0.248767762480635	0.5	0.422184874961636	0.368178700572909	0.355577279186898	37810.9034221612	92809.4	-0.440186913637942	1.81685653339721
98	GPpsy	DS_50K	neuroticism.moodswings	6.3313094916e-07	0.585222175456266	0.506670723720493	0.0013206839	0.201900038352151	0.435	0.544369749923271	0.397247473944839	0.439921251629644	42730.2650496239	81830.1	-0.4078524430359	1.57829679394843
99	GPpsy	DS_50K	neuroticism.nerves	0.008528745751	0.238508551233532	0.131756342507852	0.0007264501	0.424472565914137	0.525	0.482390874094432	0.427687580678545	0.496459666375428	47874.7273650491	89885.5	-0.0197338800818568	0.496750982548922
100	GPpsy	DS_50K	neuroticism.nervous	0.0031154249196495	0.348573641331054	0.342445042141732	0.0008395115	0.558327740622307	0.555	0.430102999566398	0.409911914657012	0.471539959159724	45494.1854116179	94873.6	-0.322618641266741	1.01976592392885
101	GPpsy	DS_50K	neuroticism.sensitivity	0.0001332648426	0.328242491420335	0.24238286569726	0.0008118036	0.286438384034778	0.33	0.609691001300806	0.283039062871384	0.347697249740426	34950.2545220425	74016.4	-0.146827925346295	0.803312908186965
102	GPpsy	DS_50K	neuroticism.tense	3.4416526821774e-05	0.622297839739109	0.644524296581832	0.0013398183	0.434958670687002	0.2	0.822184874961636	0.154560308258262	0.353549311044179	29138.1525504888	55979.5	-0.640969781561281	1.8855654610395
103	GPpsy	DS_50K	neuroticism.worrytoolong	0.000631605793	0.241675089882624	0.201951679915035	0.0005717677	0.227777645498532	0.245	0.709691001300806	0.164062996030996	0.324875448145697	28835.2068965469	64752.9	-0.154150202750845	0.637500382516094
104	GPpsy	DS_50K	neuroticismscore.baseline	5.748855959057e-12	0.888211015880845	0.760248508280692	0.002029695	0.184309618008968	0.24	0.689279003035213	0.142984070596848	0.260450973609465	24939.7679996783	65103.9	-0.601876060349311	2.378298092111
105	GPpsy	DS_50K	nvehicles.baseline	0.0622003811	0.0754714539061984	0.0966714280557092	0.00016370244	0.665628768682406	0.6002	0.744369749923271	0.439393723719905	1.2094212283855	55518.8236495815	94740.1	-0.114004545082992	0.264947452895389
106	GPpsy	DS_50K	otheractivity.baseline	0.32373852	0.0341281995782797	0.039049898038479	6.481699e-05	0.840415311776193	0.1102	1.42041199826559	0.148534171152634	0.892822731910932	30888.0120940507	33541.3	-0.0424096005771392	0.110665999733699
107	GPpsy	DS_50K	otherqualifications.baseline	0.27206926	0.0238415163297995	0.0195419157304135	7.950173e-05	0.775278702325139	0.33	0.660205999132796	0.297396106975939	0.442740563871885	39727.0968960594	72152.7	-0.014460638501811	0.06214367116141
108	GPpsy	DS_50K	physworkinjob.baseline	0.1263831738	0.0790535203563218	0.0617135390842088	0.00024774545	0.988414409229531	0.2504	1.61249387366083	0.405243740098337	1.27616593119842	55279.9289390925	44349.2	-0.0419050162487275	0.200012056961371
109	GPpsy	DS_50K	Psypsy	6.218824755e-07	0.831002245796183	0.807732897122532	0.001787532	0.194810537397805	0.435	0.561978875828839	0.402802681222457	0.464680660660844	44794.0606658219	80893.4	-0.752154232563981	2.41415872415635
110	GPpsy	DS_50K	self.bronchitis	0.089468708251	0.277568842418526	0.36460649975423	0.00058250959	1.07112837471352	0.53	0.442596873227228	0.364539283053128	0.486490126080668	43192.2146741233	95101.3	-0.437059897099765	0.992197581936817
111	GPpsy	DS_50K	self.highbloodpressure	0.1186227606	0.10549016986294	0.161270967070529	0.00020010752	0.908502602858523	0.2351	1.08239087409443	0.310873482661713	0.839166907522491	45488.5126793323	51986	-0.210600925595296	0.421581265321176
112	GPpsy	DS_50K	self.stroke	0.1705642043	0.184750783617694	0.146834239266167	0.000562442	1.08570411975316	0.255	0.674472749489669	0.149907378811792	0.302915995053386	26363.8595111228	67402.1	-0.103044325343994	0.472545892579382
113	GPpsy	DS_50K	SelfRepDep	0.008329547932	0.715736552142695	0.781878152163989	0.0016093236	0.415618757813931	0.465	0.530102999566398	0.400034720715312	0.476205301037552	45884.5639211416	84742.7	-0.816744626098723	2.24821773038411
114	GPpsy	DS_50K	sibling.bronchitis	0.12723654	0.202439075425197	0.19628160174019	0.00052211393	0.617118936259303	0.2804	1.49208187539524	0.393525715664032	1.3328097758478	54316.530697283	51987.1	-0.182272863985575	0.587151014835969
115	GPpsy	DS_50K	sibling.highbloodpressure	0.1885455499	0.100407838729306	0.145752919924317	0.00021192943	1.00422695340487	0.3551	0.834678748622466	0.369916041525341	0.872529872483242	47188.0957709557	70197.4	-0.185267884322355	0.386083561780967
116	GPpsy	DS_50K	sibling.nbrothers	0.1840347838169	0.0463795679719183	0.0557567189456183	0.00014197408	1.53340332344625	0.2551	0.994884747755262	0.304911808743301	0.837062524246054	43540.3528164136	57048.6	-0.0629036011614936	0.15566273710533
117	GPpsy	DS_50K	sibling.severedepression	0.020456884754	0.326382890807201	0.318547932670921	0.0008854092	0.572643614936674	0.2401	1.01249387366083	0.305235956087891	0.815577502601316	42246.0949176239	54415.7	-0.297971057227803	0.950736838842206
118	GPpsy	DS_50K	smokingexpoutside.baseline	0.146239499	0.0385486706470694	0.0299322669528636	0.000126220058	0.786497527857772	0.1802	1.20177287669604	0.152854905783957	0.999920525273341	35527.4961123228	49727.7	-0.0201185725805433	0.0972159138746822
119	GPpsy	DS_50K	sports.baseline	0.0697844872	0.0809152987306286	0.0631832746958019	0.00022268854	0.730522378895083	0.1754	1.65228787452803	0.306386176073414	1.20895216777547	44829.3311875408	38113.5	-0.0429239196731431	0.2047545171344
120	GPpsy	DS_50K	stress.closerelativedeath	0.17927076402	0.179448680708125	0.338226074615596	0.0003100629	1.2863239014896	0.1704	1.62218487496164	0.204026795625803	1.23608944998379	45082.1734495281	42142.4	-0.483474425538443	0.842371786954694
121	GPpsy	DS_50K	stress.finance	0.01548209794	0.360302567883488	0.362118954566464	0.0008380181	0.521667452668315	0.1653	1.40177287669604	0.159604406789621	1.13579340298622	37767.1182003016	45227.4	-0.349450583066781	1.07005571883376
122	GPpsy	DS_50K	stressbinary	0.00745536082	0.165183129635455	0.113953872575885	0.0004042694	0.364702243156089	0.3401	0.879588001734408	0.373916345367962	0.878283566345324	48176.31286385	67184.6	-0.058166460613279	0.388532719884189
123	GPpsy	DS_50K	townsend	0.04695410948	0.120603011037201	0.193741822867525	0.00025402773	0.596718168224001	0.4801	0.769897000433602	0.460680764376663	0.948967831320586	56680.7875429487	79399.6	-0.259130961783147	0.500336983857549
124	GPpsy	DS_50K	trauma	0.00310859367	0.661650029881028	0.818336092099388	0.0014366092	0.30633891012663	0.35	0.554060751224077	0.263523138347365	0.30937587661438	31200.6196307773	78799.7	-0.942288710633773	2.26558877039583
125	GPpsy	DS_50K	unabletowork.baseline	0.01828644073	0.484455958386888	0.53574637259052	0.0010349811	0.601188202736412	0.3101	0.864781748188864	0.29877172631366	0.857129835508065	43155.9380954696	67707.7	-0.565606931890532	1.53451884866431
126	GPpsy	DS_50K	years.currenthousing.baseline	0.137326262	0.0476732568950109	0.0407242509977192	0.000109642629	0.627133704378124	0.3103	1.31249387366083	0.397511998421292	1.24773290957728	55756.7114660747	57158.2	-0.0321462750605189	0.127492788850541
127	GPpsy	Full	abletoconfide.baseline	0.0070246645188	0.0257717446154437	0.0144035539450388	0.0003843615	0.596110449203732	0.11990004	1.46768096767671	0.143399155795213	1.03649747896495	33417.2366709491	38368.5	-0.00245922111683239	0.0540027103477198
128	GPpsy	Full	agefirstsex.baseline	0.00064041564996	0.0458236531228863	0.0250138764859597	0.0006619529	0.375035464883298	0.22002505	0.87135592863224	0.193255601225431	0.504314156526156	35971.2435957144	59952.6	-0.00320354478959481	0.0948508510353674
129	GPpsy	Full	alcoholfreq.baseline	0.0003772052327157	0.0434356882156345	0.025642325274044	0.0006402378	0.455669648304392	0.319945045	0.935695837004137	0.385583021407485	0.772817213608492	50181.7661289658	64070.6	-0.00682326932149173	0.0936946457527607
130	GPpsy	Full	alevels.baseline	0.001402215809371	0.0648411453173615	0.0332208281694008	0.000960436	0.406036592102685	0.20007502	0.811463816229167	0.131505955826265	0.360695363345226	26440.0811017415	60047	-0.000271677894664007	0.129953968529387
131	GPpsy	Full	averageatage10.baseline	0.0029773808722914	0.0446565663616925	0.0335291570782588	0.0006557121	0.649131164404916	0.10901505	1.77587955321976	0.170472956160864	1.10221986838874	38394.4230621815	31796.5	-0.0210605815116947	0.11037371423508
132	GPpsy	Full	college.baseline	6.330813000417e-06	0.0928359363138744	0.0330907064859809	0.0014103617	0.320437333507342	0.20606502	0.753719407414653	0.112628640808838	0.268414490714371	21727.6923816896	62624.3	0.0279781516013519	0.157693721026397
133	GPpsy	Full	currentsmoking.baseline	3.1239335995e-05	0.106575528605618	0.0479522071836776	0.0015629872	0.306007057775953	0.068315085	1.40113683447056	0.0865094727115735	0.502433866579907	21328.6427679358	28656.1	0.0125892025256095	0.200561854685626
134	GPpsy	Full	DepAll	5.0266251686058e-13	0.843801031530742	0.259243167004998	0.012498813	0.158496749789385	0.143575015	1.03263447164778	0.120587321913997	0.55318805250338	25266.4174297294	48034.8	0.335684424200945	1.35191763886054
135	GPpsy	Full	educatedyrs	9.405533146e-07	0.131507778324564	0.0439509276630863	0.001932468	0.215700219632247	0.11125006	1.1211103761108	0.101986631340705	0.411771066579724	24025.209405724	40490.9	0.0453639601049145	0.217651596544213
136	GPpsy	Full	educationage.baseline	5.2057917003e-05	0.0701677468045115	0.0239695612401509	0.0010325569	0.262163017017305	0.14766506	1.33647396381473	0.302878395640527	0.661917060219734	39004.610226086	36432	0.0231874067738157	0.117148086835207
137	GPpsy	Full	eversmoked.baseline	1.0400891663171e-07	0.102415665461815	0.0531658071740867	0.0014813537	0.365878247882372	0.056520065	1.63929581951538	0.0615790886439863	0.734293213955444	20463.0842328868	24772.1	-0.00178931659939507	0.206620647523025
138	GPpsy	Full	familyhappiness.baseline	0.0002740771183092	0.15029327195461	0.0743944923328024	0.0022202349	0.34338668734599	0.224660035	0.95470378708374	0.294398901764826	0.602450502012923	38732.9162744328	55653.7	0.00448006698231698	0.296106476926902
139	GPpsy	Full	father.age	0.0179226562	0.0756108450395499	0.0461006542321119	0.0011078075	0.446254510323038	0.230690035	1.07599246386092	0.291500923055909	0.948286717919453	39911.4819932811	56429.7	-0.0147464372553894	0.165968127334489
140	GPpsy	Full	father.severedepression	2.66074675481e-05	0.182433949936073	0.0860079936470341	0.002643869	0.319427622085094	0.068495045	1.50718790736828	0.0771858617447502	0.632567435851333	23134.7534203895	27990.4	0.0138582823878861	0.35100961748426
141	GPpsy	Full	financehappiness.baseline	1.275688192e-05	0.154089752592108	0.0514693723298551	0.002293102	0.195677743138847	0.112515045	1.18978145914428	0.119574032175572	0.545940524382761	26448.1193662444	39706.3	0.0532097828255915	0.254969722358624
142	GPpsy	Full	getupmorning.baseline	2.3541592680005e-07	0.0682828899450743	0.0320143932682637	0.0009888604	0.310070673733605	0.21757004	0.932200824643673	0.29552126939698	0.501325173248269	37694.1141700752	54542.8	0.00553467913927745	0.131031100750871
143	GPpsy	Full	GPpsy	3.15204660638188e-62	0.907841081007302	0.234608406195596	0.01348505	0.0948000760405858	0.20350001	0.7619600594711	0.129937235874355	0.256864813627243	22461.1157643109	61723.6	0.448008604863935	1.36767355715067
144	GPpsy	Full	happiness.baseline	2.766596826633e-06	0.175611533417808	0.0646692313759152	0.002649962	0.360959133107359	0.10993004	1.35149790269448	0.142592169040869	0.753423625884004	30391.791561575	36856.1	0.0488598399210144	0.302363226914602
145	GPpsy	Full	healthhappiness.baseline	5.34622727330405e-07	0.241469572862042	0.105115348353755	0.003595888	0.344192246493504	0.12205006	1.0798741661576	0.136216113209049	0.409859558896915	24987.4244746788	42369.9	0.0354434900886827	0.447495655635401
146	GPpsy	Full	ICD10Dep	4.67710865512e-08	0.421860045158314	0.169051144396847	0.006115365	0.254810884360835	0.215890025	0.970116179708399	0.292950005129813	0.595607250167442	37701.2764717589	54222.6	0.0905198021404937	0.753200288176133
147	GPpsy	Full	ICD10Dep.exclpsych	1.06196654096169e-06	0.414125883735851	0.180153446420725	0.005981934	0.305276197220688	0.256165015	0.869853993845413	0.290387667765104	0.601671098743426	38785.091098399	62052.8	0.0610251287512293	0.767226638720473
148	GPpsy	Full	income.baseline	2.30080487939e-08	0.0907317662686062	0.0286610267887179	0.0013579495	0.248510386030664	0.16183504	1.19464318468482	0.177732054301793	0.788180795527542	37041.4215351469	46957.3	0.0345561537627191	0.146907378774493
149	GPpsy	Full	insomnia.baseline	3.53363176420232e-12	0.120974008769667	0.0379402431020042	0.001792407	0.246658262475918	0.24793003	0.847482501450313	0.204151090530198	0.56611194236185	38893.9983009376	63973.5	0.0466111322897389	0.195336885249595
150	GPpsy	Full	LifetimeMDD	1.66648587710684e-12	1	0	0.01593986	0.321116431844697	0.25160003	0.869264970495151	0.299150881472139	0.558585820784701	39156.4185073434	60678.9	1	1
151	GPpsy	Full	maternalsmokingatbirth.baseline	3.6048542874e-05	0.0681114426653269	0.0242856007478808	0.0010183363	0.287254951718009	0.17310003	1.0811804148897	0.148154287596867	0.775014217129977	32246.3673904175	52153.9	0.0205116651994805	0.115711220131173
152	GPpsy	Full	mother.age	0.002862410307	0.0604247100446031	0.0293185778792247	0.0008778393	0.355755849780872	0.09065505	1.49704938189581	0.11270251248556	0.774604986136974	29328.5024423531	32173.2	0.00296029740132259	0.117889122687884
153	GPpsy	Full	mother.bronchitis	0.00422849373703	0.0797297128824864	0.0539776796922491	0.0011474852	0.59299978327176	0.101860035	1.27694669912664	0.0930489928645838	0.686180572945487	24595.2306002155	37692.5	-0.0260665393143219	0.185525965079295
154	GPpsy	Full	mother.severedepression	8.683058984168e-07	0.190873144193699	0.0555216399948028	0.002928335	0.291695110486299	0.195645025	1.00102668578319	0.162798260467951	0.759832669743742	33394.837688215	56419	0.0820507298038856	0.299695558583513
155	GPpsy	Full	neuroticism.anxious	7.73387097569485e-20	0.335664135671731	0.105364780838703	0.004939027	0.155095805077542	0.15902505	0.953574261471166	0.13887146282125	0.401173686250115	27820.1017843014	50714.2	0.129149165227873	0.542179106115589
156	GPpsy	Full	neuroticism.fedup	5.04377305546355e-23	0.361811128939879	0.122264893672097	0.005348592	0.192308813231453	0.176055045	0.964354255452327	0.150551821484432	0.531456058124987	31148.2483582767	53228.3	0.122171937342569	0.601450320537189
157	GPpsy	Full	neuroticism.guilt	3.07339156359299e-18	0.290646241885974	0.102508928731202	0.004245874	0.155837557130442	0.33776502	0.689796265324318	0.367031721952388	0.454199609889402	41406.8947427036	71590.7	0.0897287415728195	0.491563742199129
158	GPpsy	Full	neuroticism.irritability	7.2889308391719e-16	0.30990734162224	0.107259684106371	0.004567007	0.213302718649719	0.19749503	0.851893428999824	0.132126381865168	0.42769763461181	28920.8630747578	58989.1	0.0996783607737526	0.520136322470728
159	GPpsy	Full	neuroticism.loneliness	3.56541918600662e-15	0.275985177082102	0.106719199334615	0.003974583	0.173600664148875	0.16333504	0.964119524216516	0.143986687622318	0.452361877234205	28913.7454641675	51217.1	0.0668155463862562	0.485154807777948
160	GPpsy	Full	neuroticism.miserableness	3.81482520013993e-27	0.425699596160657	0.115003100914865	0.006358075	0.175051201490899	0.17447003	0.88106918166089	0.127717073468412	0.371312189276306	25705.7642954087	54918.7	0.200293518367521	0.651105673953792
161	GPpsy	Full	neuroticism.moodswings	4.90013127112084e-33	0.457405040535171	0.120409710064423	0.006799503	0.127870411961988	0.14644003	0.906492983379089	0.0861410808925432	0.270523799921565	19113.4723983431	50838.7	0.221402008808901	0.69340807226144
162	GPpsy	Full	neuroticism.nerves	4.25095633833355e-17	0.275628003337676	0.0766324610054775	0.004104649	0.1428676926057	0.16410504	0.968798474307222	0.135729415004029	0.469750647562306	29136.6899418356	51544.1	0.12542837976694	0.425827626908412
163	GPpsy	Full	neuroticism.nervous	1.6994865983476e-17	0.276481132970397	0.0814757233549863	0.004092498	0.173783206441552	0.27515502	0.706233563017133	0.276973585232322	0.364498996715155	32257.146517219	68099.9	0.116788715194624	0.43617355074617
164	GPpsy	Full	neuroticism.sensitivity	8.19851232207949e-17	0.231083546420973	0.062744632862971	0.003454694	0.147711072001322	0.14805006	0.982772361569612	0.136848568973163	0.382659153071843	27218.1241904075	48343	0.108104066009549	0.354063026832396
165	GPpsy	Full	neuroticism.tense	3.7319982232014e-24	0.41317867550691	0.123438446795044	0.006076471	0.136555607091021	0.24147503	0.822955752038329	0.283731379842316	0.443655345249281	35083.9495181043	60770.3	0.171239319788623	0.655118031225197
166	GPpsy	Full	neuroticism.worrytoolong	3.64906133530936e-10	0.137364193061701	0.0597935448422296	0.001985371	0.241097539409325	0.199970055	1.25760386371544	0.315049622756835	0.84440971488521	44873.360934969	46313.4	0.0201688451709309	0.254559540952471
167	GPpsy	Full	neuroticismscore.baseline	2.1223822111209e-47	0.598977351982542	0.174180016588701	0.008822049	0.0809209203956921	0.21908002	0.734496103748994	0.131625518290851	0.281471998957486	23332.243384305	64537.3	0.257584519468688	0.940370184496395
168	GPpsy	Full	nvehicles.baseline	0.00099353715183	0.0405490300611037	0.020874296138064	0.0005788282	0.359951841102435	0.19997506	0.96750893907507	0.292317097245825	0.47827037527709	36384.9672352623	51379.4	-0.000364590369501767	0.0814626504917092
169	GPpsy	Full	otheractivity.baseline	0.132983219	0.0114941371650735	0.00834504003705973	0.00015273768	0.605927469852401	0.00575006	2.78983300099313	0.00854298132974926	0.925052925995147	5405.97760611138	5303.1	-0.00486214130756353	0.0278504156377106
170	GPpsy	Full	otherqualifications.baseline	0.0248958797566	0.0284143769585404	0.0191722020057989	0.00043212224	0.629684365837527	0.080135065	1.47844962653674	0.127069086151992	0.596634669846463	28716.0494381336	28896	-0.00916313897282553	0.0659918928899063
171	GPpsy	Full	physworkinjob.baseline	0.005003377657	0.044427575411717	0.0206527903639298	0.0006951954	0.446934640030309	0.104590025	1.67096867954491	0.122288462029567	1.13454494449765	32571.9560672129	34538.4	0.00394810629841461	0.0849070445250195
172	GPpsy	Full	Psypsy	6.92603660581922e-31	0.600510503873469	0.169127037024893	0.008893009	0.103939025067045	0.34706501	0.576840985153768	0.268492592725678	0.356566280814607	31928.4061675493	80170.8	0.269021511304679	0.93199949644226
173	GPpsy	Full	self.bronchitis	0.0001280079482398	0.148724220294904	0.057828065331804	0.002280888	0.430295169173191	0.091700055	1.22146717308795	0.0616005936795185	0.544897749544383	18771.6397152726	36830.4	0.0353812122445683	0.26206722834524
174	GPpsy	Full	self.highbloodpressure	7.877369381e-06	0.0637358448571695	0.0161495952604066	0.0009650806	0.254695992616125	0.08527506	1.52723280094988	0.130929132701634	0.772332338945176	28964.2690463421	30170.5	0.0320826381467726	0.0953890515675663
175	GPpsy	Full	self.stroke	0.009407975222	0.0947382440211217	0.0630808494363421	0.0013449645	0.517579158604224	0.093690045	1.22584838674661	0.0706227246548102	0.572695009687212	19940.5057845694	37023.5	-0.0289002208741087	0.218376708916352
176	GPpsy	Full	SelfRepDep	9.30555396732839e-16	0.478065301970037	0.143120100197751	0.007166126	0.223591397778128	0.15429002	0.897848010354754	0.103065036416611	0.306521006463857	20755.8589650676	52052.6	0.197549905582444	0.758580698357629
177	GPpsy	Full	sibling.bronchitis	0.0106353989027	0.153019474690775	0.122041080956105	0.0021754892	0.695357534656792	0.168305045	1.33789678933299	0.303036326809458	0.789168736313673	41755.0201331795	40568.1	-0.086181043983192	0.392219993364741
178	GPpsy	Full	sibling.highbloodpressure	0.007009563208	0.0440369474125838	0.0294323832949648	0.0006136577	0.528640886475594	0.214600055	1.1037568525096	0.312817810095238	0.710722389851108	43727.4880900637	50475	-0.0136505238455471	0.101724418670715
179	GPpsy	Full	sibling.nbrothers	0.000117123358134	0.0386487596515045	0.0123849272134502	0.000589263	0.368312582761531	0.14784504	1.20373024547126	0.150976099132728	0.732209783558455	34613.5314105786	45176.6	0.0143743023131422	0.0629232169898668
180	GPpsy	Full	sibling.severedepression	1.74552522311495e-07	0.24128374623302	0.091122701088215	0.003555718	0.269429476160899	0.244680045	1.03734849058379	0.31393038854675	0.732280984343613	45719.4140587757	55996.9	0.0626832521001182	0.419884240365921
181	GPpsy	Full	smokingexpoutside.baseline	0.01011373992	0.0219192963161703	0.0121541761030158	0.0003175123	0.433783449696165	0.08682005	1.64278986729852	0.130198936915363	0.893552796249839	30867.4545730972	29652.4	-0.00190288884574068	0.0457414814780812
182	GPpsy	Full	sports.baseline	1.6013841719e-05	0.0670417627003334	0.0202777002141029	0.0010179988	0.319291808350273	0.102490055	1.12650742578025	0.0777369299311053	0.408063866808246	19940.7654430705	39527.3	0.0272974702806918	0.106786055119975
183	GPpsy	Full	stress.closerelativedeath	0.029144350435	0.0623597891079393	0.0533822244529636	0.0008283766	0.6247594707364	0.213060055	1.22956170881955	0.308307290827047	1.02691206867517	43630.8807688622	50274	-0.0422693708198693	0.166988949035748
184	GPpsy	Full	stress.finance	3.0042237483e-05	0.167493098816098	0.0773005277843576	0.00247156	0.297947825329764	0.18744003	0.892354086104045	0.149879900733895	0.458424985804186	29224.0154469649	56275.8	0.0159840643587567	0.319002133273438
185	GPpsy	Full	stressbinary	5.374775588017e-07	0.104780928503465	0.0548933782046356	0.0014668663	0.296760254676011	0.138205045	1.18558808949398	0.161944762023119	0.603250062568953	33987.341091288	42782.3	-0.00281009277762129	0.21237194978455
186	GPpsy	Full	townsend	3.09307834135506e-07	0.0746552045635378	0.0335877307345479	0.0011086931	0.33990651878606	0.15414006	1.24035187274023	0.299438366315826	0.628261131335461	37266.6983655202	39332.2	0.00882325232382387	0.140487156803252
187	GPpsy	Full	trauma	2.2962977163337e-06	0.336826083648232	0.13576274157797	0.004976917	0.284528544931326	0.341660025	0.818252146456947	0.378421080452864	0.719036745858911	46962.4496901514	69479.7	0.0707311101554113	0.602921057141052
188	GPpsy	Full	unabletowork.baseline	5.60477352953e-08	0.297028885071865	0.0943805367899347	0.004435575	0.2051800760457	0.23139504	0.827655102351333	0.284543451660145	0.402438277064741	33910.0290081464	59138	0.112043032963593	0.482014737180137
189	GPpsy	Full	years.currenthousing.baseline	0.002533921889	0.0279690567272378	0.0155792383514959	0.0004063483	0.445219869227261	0.10574003	1.39276359935581	0.13798800491388	0.778615068280667	30281.5722513068	35777.3	-0.00256625044169421	0.0585043638961699
190	SoftImpAll	DS_100K	abletoconfide.baseline	0.003059975071	0.0498782252664727	0.0238256826723622	0.000423468	0.379997337589749	0.285	0.626760624017703	0.152843420241472	0.31645770284834	27056.6255997389	72735.8	0.00317988722864272	0.0965765633043027
191	SoftImpAll	DS_100K	agefirstsex.baseline	0.00173654009	0.0468144598488809	0.0220436784628067	0.0003936495	0.317608915171643	0.2551	0.992081875395238	0.301245728416004	0.837618742773304	43100.5695565615	57681.9	0.00360885006177988	0.090020069635982
192	SoftImpAll	DS_100K	alcoholfreq.baseline	0.00496162679705	0.0428330062403233	0.0265800528831137	0.0003771729	0.683180587915634	0.525	0.450514997831991	0.37509258116423	0.474402273048196	44308.2896678363	93846.2	-0.00926389741057954	0.0949299098912261
193	SoftImpAll	DS_100K	alevels.baseline	0.0036323552991	0.0652387169455527	0.0272247703002974	0.0005966174	0.502629695095214	0.2301	0.961978875828839	0.282948935322259	0.78067248843127	36085.0561442453	55656.6	0.0118781671569699	0.118599266734136
194	SoftImpAll	DS_100K	averageatage10.baseline	0.00533894336	0.049393946122219	0.0167483089660244	0.0004480126	0.416420912093964	0.2451	0.969897000433602	0.298470340979543	0.805672486138848	39879.506481539	56824.1	0.0165672605488113	0.0822206316956267
195	SoftImpAll	DS_100K	college.baseline	0.00015026260642	0.0975281959186371	0.0352849940018206	0.0008515349	0.357148382358643	0.22	0.882390874094432	0.287904305089189	0.437627319222487	36423.9125741746	53365.1	0.0283696076750687	0.166686784162206
196	SoftImpAll	DS_100K	currentsmoking.baseline	0.000996813069	0.110778681302452	0.0370894947548459	0.0009628395	0.279576644387043	0.33	0.709691001300806	0.367574633389073	0.468185430660856	42826.4570698483	67892.6	0.0380832715829538	0.18347409102195
197	SoftImpAll	DS_100K	DepAll	3.4675167864301e-06	0.7175292343545	0.389251252731752	0.006014817	0.340605320460292	0.18	0.91249387366083	0.16532795690183	0.402105854195274	31779.7776784056	51072.2	-0.0454032209997339	1.48046168970873
198	SoftImpAll	DS_100K	educatedyrs	0.00060110481766	0.120599478733541	0.0370572139041617	0.0010839101	0.387288818219785	0.2001	1.05509074688806	0.1913695958668	0.806580773998347	38190.5856469308	52586.5	0.0479673394813843	0.193231617985698
199	SoftImpAll	DS_100K	educationage.baseline	0.004296982824	0.064719820093587	0.0267904109458295	0.0005875622	0.44357955034972	0.3851	0.794884747755262	0.368100363729483	0.888338268190718	48011.8144660481	74796.9	0.0122106146397612	0.117229025547413
200	SoftImpAll	DS_100K	eversmoked.baseline	0.0004271106275	0.0868994216538534	0.0514714490815973	0.0007005596	0.358772231662362	0.3151	0.934678748622466	0.376330366094001	0.873417045354531	47671.1522896418	62989.8	-0.0139846185460772	0.187783461853784
201	SoftImpAll	DS_100K	familyhappiness.baseline	0.0022963411919	0.163014637583533	0.0953332037591079	0.0013805354	0.468855240824849	0.155	0.904575749056068	0.0984603699182795	0.317620643127259	22300.4698229033	48983.1	-0.0238384417843184	0.349867716951385
202	SoftImpAll	DS_100K	father.age	0.0439036552	0.0856149114313747	0.0510056616228514	0.0007314266	0.56602985032191	0.2701	0.901772876696043	0.290681364307304	0.812863972410354	39646.0933684238	62121.6	-0.0143561853494141	0.185586008212163
203	SoftImpAll	DS_100K	father.severedepression	0.01683316948	0.119287337168582	0.0659411124478561	0.0010462858	0.494831958612928	0.1702	1.25228787452803	0.174903656019218	0.983985402463665	37021.2660723536	46638.6	-0.00995724322921564	0.24853191756638
204	SoftImpAll	DS_100K	financehappiness.baseline	0.00061288358188	0.196542905340568	0.132922392067264	0.0015873138	0.421498729683668	0.345	0.579048498545737	0.265047165613971	0.360686154395466	32538.4092872477	77803.5	-0.0639849831112695	0.457070793792405
205	SoftImpAll	DS_100K	getupmorning.baseline	3.63179531e-05	0.0716231122280473	0.0198451375834425	0.0006207144	0.203626066082187	0.24	0.744369749923271	0.162958754154404	0.3781812975006	30898.168775116	63670.1	0.0327266425645	0.110519581891595
206	SoftImpAll	DS_100K	GPpsy	2.29919752523419e-21	0.550109635194376	0.215876079387188	0.004679299	0.201832631377222	0.37	0.584163750790475	0.346570499481867	0.37561887770286	37755.9746208023	76690.7	0.126992519595487	0.973226750793265
207	SoftImpAll	DS_100K	happiness.baseline	0.0017870169438	0.168287197448553	0.0886651503478551	0.0014706683	0.466273882505364	0.2951	0.859176003468815	0.287065788046341	0.833439390093922	40007.010121283	66688.8	-0.00549649723324297	0.342070892130349
208	SoftImpAll	DS_100K	healthhappiness.baseline	6.1304123039e-05	0.251355101335061	0.0942113829749743	0.002187902	0.321741962213086	0.525	0.474472749489669	0.422459728521219	0.488375511781245	46477.5013935656	90656.3	0.0667007907041111	0.436009411966011
209	SoftImpAll	DS_100K	ICD10Dep	0.01138192816451	0.29847186437072	0.196966471227504	0.0024357621	0.492418427872829	0.22	0.759176003468815	0.137840487520902	0.341757073593006	26998.3092081708	61161.1	-0.0875824192351879	0.684526147976628
210	SoftImpAll	DS_100K	ICD10Dep.exclpsych	0.06168431213154	0.313137630846679	0.244753954049435	0.00252397735	0.619608567250487	0.1901	1.00177287669604	0.14283669774334	0.775002581970638	31386.7863246445	53693.7	-0.166580119090213	0.792855380783572
211	SoftImpAll	DS_100K	income.baseline	7.84693579826e-06	0.114185123176659	0.0557545608579754	0.0009756593	0.335046978918184	0.3	0.692081875395237	0.285773803324704	0.41947580630416	36809.8247150887	68645	0.00490618389502752	0.223464062458291
212	SoftImpAll	DS_100K	insomnia.baseline	1.04533979484797e-05	0.0999008147953844	0.0371587825074113	0.0008879704	0.444380222835769	0.475	0.509691001300806	0.391045606888336	0.470309650691494	44502.0300086287	87029	0.0270696010808583	0.172732028509911
213	SoftImpAll	DS_100K	LifetimeMDD	4.7507710670906e-08	1	0	0.009085971	0.272911698715382	0.195	0.784163750790475	0.111679103785006	0.281738449432531	22517.8838627335	57465.1	1	1
214	SoftImpAll	DS_100K	maternalsmokingatbirth.baseline	0.000643460328	0.085217617616609	0.030876099323083	0.0007452232	0.303274188571989	0.365	0.614266750356873	0.351228004451683	0.421863773777778	39663.6746076026	75202.4	0.0247004629433663	0.145734772289852
215	SoftImpAll	DS_100K	mother.age	0.0143865526	0.0692265235236206	0.0284064103244305	0.0006076078	0.396412366837162	0.305	0.782390874094432	0.375240663515504	0.495221910570144	44234.8566842685	62640.1	0.0135499592877368	0.124903087759504
216	SoftImpAll	DS_100K	mother.bronchitis	0.0286622897	0.0896458344374058	0.0614848516815162	0.0007465447	0.509701427800776	0.335	0.614266750356873	0.276937618326663	0.389035507443175	35371.4574168056	75214.3	-0.030864474858366	0.210156143733178
217	SoftImpAll	DS_100K	mother.severedepression	0.00391202661728	0.150537576598636	0.0854115876033096	0.0013315207	0.543625964717109	0.22	0.9	0.295522136790687	0.447981966761878	38072.4587683363	52569	-0.0168691351038505	0.317944288301123
218	SoftImpAll	DS_100K	neuroticism.anxious	5.96540222698435e-07	0.279114548672257	0.116537617027212	0.0023547265	0.268930195012277	0.155	0.930102999566398	0.13632070031119	0.330558031550368	25687.718605504	47492.4	0.0507008192989221	0.507528278045592
219	SoftImpAll	DS_100K	neuroticism.fedup	2.58645010191139e-13	0.386041219796422	0.159671323971265	0.003287365	0.293799455824754	0.41	0.501772876696043	0.331494930412049	0.326403560884894	34400.7859711567	83951.9	0.0730854248127427	0.698997014780101
220	SoftImpAll	DS_100K	neuroticism.guilt	3.82783066951771e-10	0.299504143056771	0.124248224247226	0.002550232	0.29165870602717	0.37	0.652287874528034	0.364539283053128	0.48779548819045	44221.7995926343	74082.9	0.055977623532209	0.543030662581334
221	SoftImpAll	DS_100K	neuroticism.irritability	2.20509863519549e-10	0.27988809424603	0.0758147924896027	0.002433549	0.23857730678133	0.325	0.588739499846543	0.255223213851893	0.323896287116724	29154.2456273525	75689.1	0.131291100966409	0.428485087525652
222	SoftImpAll	DS_100K	neuroticism.loneliness	1.80125576460277e-07	0.284344794952952	0.11014232715006	0.002409999	0.264700863836235	0.31	0.654060751224077	0.271620650499512	0.399527151453505	34189.363248596	71534.7	0.0684658337388339	0.500223756167069
223	SoftImpAll	DS_100K	neuroticism.miserableness	1.43570825490315e-15	0.38116493374048	0.0938591544209128	0.003318196	0.188569031318129	0.165	0.844369749923271	0.0883490552046571	0.252885101089826	19150.3498650953	51937.2	0.197200991075491	0.565128876405469
224	SoftImpAll	DS_100K	neuroticism.moodswings	1.93867715033722e-17	0.429041905342562	0.108203295911693	0.003733157	0.203423605882008	0.42	0.560205999132796	0.351346615814703	0.469584315035229	42441.8452851795	82512.1	0.216963445355644	0.64112036532948
225	SoftImpAll	DS_100K	neuroticism.nerves	2.9676688315e-08	0.205738459448623	0.059107151909379	0.001766373	0.172136181797892	0.325	0.692081875395237	0.363050348513199	0.427133235817838	40584.4261755664	67860	0.0898884417062402	0.321588477191006
226	SoftImpAll	DS_100K	neuroticism.nervous	5.7221396112212e-08	0.202196896993285	0.0619025854517251	0.001761381	0.288692059556537	0.26	0.822184874961636	0.297022258799273	0.481837946771885	40272.2768995965	59876.3	0.0808678295079039	0.323525964478666
227	SoftImpAll	DS_100K	neuroticism.sensitivity	2.904037034326e-11	0.255737353598899	0.0853645917662109	0.00219237	0.19832581408324	0.29	0.684163750790475	0.271620650499512	0.38929489010513	33447.3273803586	68322	0.0884227537371256	0.423051953460672
228	SoftImpAll	DS_100K	neuroticism.tense	3.41295073275718e-09	0.333610287290837	0.11892764823068	0.002867904	0.293877672181139	0.385	0.592081875395237	0.352806210577737	0.432892750751947	40875.2740104985	77911.1	0.100512096758704	0.56670847782297
229	SoftImpAll	DS_100K	neuroticism.worrytoolong	4.99021191721963e-05	0.170375808256554	0.10619552665066	0.0014609333	0.471059538464244	0.185	0.869897000433602	0.154650142795494	0.369004929942123	29218.3103709529	53059.6	-0.0377674239787399	0.378519040491848
230	SoftImpAll	DS_100K	neuroticismscore.baseline	8.63477663636461e-23	0.53782329881527	0.160670591361981	0.004624999	0.196838047721258	0.175	0.861978875828839	0.116069902309868	0.338945427550181	24739.6950165339	52763.8	0.222908939745787	0.852737657884753
231	SoftImpAll	DS_100K	nvehicles.baseline	0.017495311936	0.0351214071356785	0.0290659197709678	0.00029427377	0.571030473562191	0.305	0.631336373073771	0.260821352227493	0.341719822728548	30602.872009194	71975.9	-0.0218477956154185	0.0920906098867754
232	SoftImpAll	DS_100K	otheractivity.baseline	0.29228607	0.0118057987191415	0.0134279997314772	9.5906595e-05	0.944597825771032	0.1804	1.66478174818886	0.3108344325271	1.21184798151597	46340.7368813996	38716.4	-0.0145130807545539	0.0381246781928369
233	SoftImpAll	DS_100K	otherqualifications.baseline	0.022507953	0.0377622974643966	0.0200959306371429	0.0003255765	0.49074696433292	0.255	0.782390874094432	0.294816327001519	0.397758240150949	36974.6493077802	60049.1	-0.00162572658440355	0.0771503215131968
234	SoftImpAll	DS_100K	physworkinjob.baseline	0.044284105881	0.0559290497628343	0.0304168421627201	0.00050585996	0.606384030708626	0.2452	1.15228787452803	0.305736197108262	1.04116094210328	44164.7273623294	54902.1	-0.00368796087609718	0.115546060401766
235	SoftImpAll	DS_100K	Psypsy	4.79068208866136e-09	0.366120474857945	0.149106821215482	0.003089832	0.242674590062072	0.24	0.822184874961636	0.290402020194993	0.414433470442532	36800.5185152178	57390.1	0.0738711052756	0.65836984444029
236	SoftImpAll	DS_100K	self.bronchitis	0.01130287707954	0.134839734668937	0.0964568947586015	0.0011960834	0.714795005735659	0.395	0.62498774732166	0.360131148950552	0.515163604423392	44854.1324900319	77839.1	-0.0542157790579222	0.323895248395796
237	SoftImpAll	DS_100K	self.highbloodpressure	0.02452022478	0.0646898758550129	0.0293779133975227	0.00055297698	0.398062638441474	0.31	0.619382002601611	0.27264140062238	0.308298194778116	31428.4476365672	72197.8	0.00710916559586835	0.122270586114157
238	SoftImpAll	DS_100K	self.stroke	0.1130991522	0.0549886089297862	0.0393129000734115	0.00051253121	0.846147392241817	0.1351	1.1397940008672	0.117842126027438	0.723476710529707	26854.0698022561	42636.5	-0.0220646752141004	0.132041893073673
239	SoftImpAll	DS_100K	SelfRepDep	7.451164935e-06	0.300307053191296	0.124851436921944	0.002524357	0.280801728078239	0.24	0.852287874528034	0.293257565972304	0.461356280075433	38539.3162721165	56666.5	0.0555982368242869	0.545015869558306
240	SoftImpAll	DS_100K	sibling.bronchitis	0.064469883	0.10278484073495	0.0850276619077998	0.0008154743	0.603082295447207	0.3301	0.829073003902417	0.289701167872459	0.86872051257442	43061.4141664102	71773.7	-0.0638693766043373	0.269439058074238
241	SoftImpAll	DS_100K	sibling.highbloodpressure	0.122121544459	0.0385312074153596	0.0408880217241432	0.00032153431	1.04065273480143	0.0605	2.0602059991328	0.121747689916483	1.02656844012488	28363.7380579892	19350.2	-0.0416093151639611	0.11867172999468
242	SoftImpAll	DS_100K	sibling.nbrothers	0.0042725655567	0.0430233888814215	0.0230581029386335	0.0003687856	0.488861934875538	0.3252	1.12218487496164	0.388723209151876	1.10931224420035	53625.798779754	61655.9	-0.00217049287830024	0.0882172706411432
243	SoftImpAll	DS_100K	sibling.severedepression	0.00514165255244	0.192808112617567	0.113403849641712	0.0015508017	0.492802138538772	0.3851	0.8	0.371106588462129	0.889496267162221	48653.2201840513	74478.5	-0.0294634326801886	0.415079657915324
244	SoftImpAll	DS_100K	smokingexpoutside.baseline	0.031941945	0.0246689295933823	0.0149180456912571	0.00020664781	0.530116362449537	0.14	0.964781748188864	0.102198064778373	0.331092548414579	23124.9538255395	45204.9	-0.00457043996148172	0.0539082991482463
245	SoftImpAll	DS_100K	sports.baseline	0.01030028839	0.0573494739466136	0.0340234990497494	0.0004999072	0.467532598637785	0.28	0.652287874528034	0.181352940116473	0.322727949076257	30840.9818479316	70486.3	-0.0093365841908952	0.124035532084122
246	SoftImpAll	DS_100K	stress.closerelativedeath	0.136617637	0.0410952588455591	0.0478611146154258	0.00031445201	0.822737893397802	0.3	0.684163750790475	0.277888866675551	0.414352603431827	35694.4315422199	69240.3	-0.0527125258006754	0.134903043491794
247	SoftImpAll	DS_100K	stress.finance	0.00350722369129	0.24020076545713	0.153132868584621	0.0019312054	0.49502223496013	0.55	0.409691001300806	0.406201920231798	0.414678761512488	42670.6334228953	95254.6	-0.0599396569687269	0.540341187882987
248	SoftImpAll	DS_100K	stressbinary	0.00035492547415	0.0929320721984196	0.0436781199599576	0.0007821391	0.35578046099112	0.2951	0.854060751224077	0.283168756123349	0.832607442600369	39399.2885575926	67021.2	0.00732295707690267	0.178541187319937
249	SoftImpAll	DS_100K	townsend	0.0002120449658633	0.064742272456841	0.0345628105845456	0.0005558478	0.457618286613932	0.3651	0.864781748188864	0.374836393940373	0.906479276111068	50172.2701207217	70669.8	-0.0030008362888683	0.13248538120255
250	SoftImpAll	DS_100K	trauma	8.3538562003e-05	0.32102138456176	0.116366656441959	0.002742419	0.337087514167448	0.265	0.769897000433602	0.298188978110638	0.408629078288162	38147.080826279	61524.7	0.0929427379355202	0.549100031187999
251	SoftImpAll	DS_100K	unabletowork.baseline	0.0076743582682	0.200660528817446	0.0979605737201487	0.0016789454	0.420444101879604	0.2101	0.949485002168009	0.166192960139712	0.772386777017001	32643.9911394289	57037.2	0.00865780432595448	0.392663253308937
252	SoftImpAll	DS_100K	years.currenthousing.baseline	0.0537305748	0.0198349171792637	0.012181810047702	0.00017368865	0.653647290964631	0.4451	0.739794000867204	0.411144864980702	0.909567715098205	50547.6842327014	80052.2	-0.00404143051423213	0.0437112648727595
253	SoftImpAll	DS_50K	abletoconfide.baseline	0.1526824511	0.0420331514191628	0.0375039922427965	0.000180032474	0.77522888792502	0.1253	1.49208187539524	0.135606497713871	1.07237603896504	32683.97693128	37051.6	-0.0314746733767183	0.115540976215044
254	SoftImpAll	DS_50K	agefirstsex.baseline	0.020148364409	0.0778081491400956	0.0365190112189905	0.00036103757	0.502275538961515	0.4451	0.719382002601611	0.402955870205825	0.900614857554713	48706.9474242524	80825.5	0.0062308871508743	0.149385411129317
255	SoftImpAll	DS_50K	alcoholfreq.baseline	0.065588254071	0.0447922724679117	0.0352729468068258	0.00022855965	0.91465871424951	0.3503	1.21249387366083	0.391989526504075	1.280330962516	55913.5384078748	64483.2	-0.0243427032734669	0.11392724820929
256	SoftImpAll	DS_50K	alevels.baseline	0.02059289483	0.0675230581310032	0.0397521376238487	0.0003202405	0.594884565429681	0.265	0.8	0.300970651946886	0.459967461598777	40272.6645683314	60077.9	-0.0103911316117402	0.145437247873747
257	SoftImpAll	DS_50K	averageatage10.baseline	0.1639023693	0.0416574757106579	0.0371238509804094	0.00021924704	0.89319602211851	0.3302	1.09208187539524	0.385094735819065	1.10800343746141	52880.3349077477	62700.2	-0.0311052722109446	0.11442022363226
258	SoftImpAll	DS_50K	college.baseline	0.0067526786186	0.109695968743288	0.049558603334193	0.0005476269	0.474685105163636	0.32	0.661978875828839	0.284995126663987	0.429605717720186	37794.4271760622	71336.7	0.0125611062082697	0.206830831278306
259	SoftImpAll	DS_50K	currentsmoking.baseline	0.02496775167	0.125549553593538	0.07585905763374	0.000566716	0.530530752538997	0.1801	1.03187587626244	0.145541479387226	0.767746534874322	31741.1282415173	50744.4	-0.0231341993685926	0.274233306555668
260	SoftImpAll	DS_50K	DepAll	0.00148573176876	0.653253131638455	0.311858063732122	0.003081602	0.416659293326135	0.215	0.761978875828839	0.145392189917096	0.311736296939395	26801.9480056954	59384.3	0.0420113267234964	1.26449493655341
261	SoftImpAll	DS_50K	educatedyrs	0.013913943003	0.124641912951114	0.0763392205991284	0.0005596523	0.553819529595291	0.455	0.6	0.410589007808701	0.566212436394044	50591.3790509586	81292.5	-0.0249829594231773	0.274266785325406
262	SoftImpAll	DS_50K	educationage.baseline	0.0740387336	0.0554586385426169	0.0388911635495674	0.0002612323	0.719652135954587	0.485	0.539794000867204	0.392322146541164	0.550751943046473	48228.7110271925	86855.3	-0.0207680420145351	0.131685319099769
263	SoftImpAll	DS_50K	eversmoked.baseline	0.0425937280694	0.0624633546141654	0.0388905912251591	0.00034226828	0.879831873913799	0.4	0.6	0.358236421003411	0.483283974518622	44040.3531322253	78492.7	-0.0137622041871465	0.138688913415477
264	SoftImpAll	DS_50K	familyhappiness.baseline	0.062880371043	0.160710388428885	0.149379802285372	0.0007002896	0.801633111545131	0.2002	1.31249387366083	0.31076993991626	0.998669834622557	45007.7113940859	43997.4	-0.132074024050444	0.453494800908213
265	SoftImpAll	DS_50K	father.age	0.084683105	0.155665679340635	0.132783600818454	0.0006326583	0.65584607039505	0.3151	0.834678748622466	0.294320479145513	0.845310825845969	41616.1289293786	68875.2	-0.104590178263534	0.415921536944804
266	SoftImpAll	DS_50K	father.severedepression	0.07041359805	0.181035726881381	0.1457330881901	0.0007905721	0.76894728619642	0.1802	1.2170696227169	0.166760506915357	0.998452029998943	36687.1469956138	48628.3	-0.104601125971215	0.466672579733977
267	SoftImpAll	DS_50K	financehappiness.baseline	0.00698211056	0.260593354043511	0.259956932549501	0.0010286136	0.487428825889536	0.2401	1.00969100130081	0.301573816281631	0.816215554734975	42064.8353795794	54450.8	-0.248922233753511	0.770108941840533
268	SoftImpAll	DS_50K	getupmorning.baseline	0.01420821172138	0.0651873461807074	0.0567471743212513	0.0002848514	0.783413806115254	0.42	0.672699872793626	0.425049016781202	0.586708835361474	51966.8962707136	75017.7	-0.0460371154889452	0.17641180785036
269	SoftImpAll	DS_50K	GPpsy	1.72168768181035e-08	0.502484714489055	0.161756039804298	0.002427105	0.288740029425094	0.33	0.6	0.187379590967403	0.400231178656571	33731.1678158676	77405	0.185442876472631	0.819526552505478
270	SoftImpAll	DS_50K	happiness.baseline	0.018388490916	0.180325902945643	0.120064280329219	0.000815369	0.579765923663404	0.2952	1.19030899869919	0.399454016266092	1.07955032563771	53658.5498276939	55012.5	-0.0550000864996263	0.415651892390912
271	SoftImpAll	DS_50K	healthhappiness.baseline	0.0301281289065277	0.29838986778825	0.323375633567931	0.0012846485	1.0123112525266	0.2802	1.1698970004336	0.387281350499149	1.06272424477451	49811.1561066171	54327.7	-0.335426374004894	0.932206109581394
272	SoftImpAll	DS_50K	ICD10Dep	0.0242710724	0.274300952959299	0.138836481664745	0.0012465052	0.431943078454105	0.385	0.660205999132796	0.370472671056854	0.532026625272043	47340.9666596138	74700.6	0.00218144889639837	0.5464204570222
273	SoftImpAll	DS_50K	ICD10Dep.exclpsych	0.04825279196	0.255558224425587	0.136988216115615	0.0012304579	0.663557687018877	0.315	0.692081875395238	0.289683735592226	0.465010848359543	39539.1728499163	69814.1	-0.0129386791610178	0.524055128012192
274	SoftImpAll	DS_50K	income.baseline	0.0006906949756	0.118578451118409	0.0564634952473888	0.0005576287	0.391086214978425	0.4001	0.834678748622466	0.426119558079394	0.910057104234464	52418.0905927418	71769.5	0.00791000043352669	0.229246901803291
275	SoftImpAll	DS_50K	insomnia.baseline	0.000665646311	0.099559127960075	0.0396828171486812	0.0004623658	0.326912268482389	0.29	0.709691001300806	0.287518115371304	0.415258487450724	36991.3079293261	66200.1	0.0217808063486598	0.17733744957149
276	SoftImpAll	DS_50K	LifetimeMDD	0.000422615576982	1	0	0.005167034	0.358342265224901	0.305	0.72498774732166	0.299490307763781	0.475927907619443	41140.2480838412	67180.2	1	1
277	SoftImpAll	DS_50K	maternalsmokingatbirth.baseline	0.015737863694	0.111205278376126	0.0897094359230312	0.0004628342	0.650494420986965	0.38	0.622184874961636	0.357615560188436	0.473017915787654	43040.7615427257	75825.2	-0.0646252160330149	0.287035772785267
278	SoftImpAll	DS_50K	mother.age	0.0579544702	0.103993472206296	0.0659426163277812	0.000484253	0.654196567709702	0.325	0.566554624884907	0.151382517704875	0.326488222471786	27722.8782376177	78675	-0.0252540557961547	0.233241000208748
279	SoftImpAll	DS_50K	mother.bronchitis	0.06514094	0.0754546449634113	0.0410324015773706	0.0003342713	0.383273355328005	0.25	0.709151498112135	0.149071198499986	0.363248114058666	29063.1861526648	65708.7	-0.00496886212823512	0.155878152055058
280	SoftImpAll	DS_50K	mother.severedepression	0.022588773266	0.231839446618612	0.249635894315489	0.0008990926	0.564331728213451	0.21	0.852287874528034	0.17606816861659	0.43154281316062	34401.5359581193	55860.5	-0.257446906239747	0.721125799476972
281	SoftImpAll	DS_50K	neuroticism.anxious	0.000540870548593	0.23414353637683	0.0973804760379143	0.0010896282	0.327539793440388	0.62	0.289279003035213	0.34253953543107	0.313974635268271	32652.4648999803	107082.4	0.0432778033425184	0.425009269411142
282	SoftImpAll	DS_50K	neuroticism.fedup	1.21952825154e-06	0.310425878753489	0.169016892873742	0.0013719938	0.282876734491983	0.32	0.661978875828839	0.284995126663987	0.429605717720186	37816.2083505355	71302.3	-0.0208472312790465	0.641698988786024
283	SoftImpAll	DS_50K	neuroticism.guilt	1.590993634212e-05	0.248080003544619	0.181652620050968	0.0010265998	0.346671625658922	0.31	0.661978875828839	0.288482620312251	0.379849885718477	37183.9437584737	69708.9	-0.107959131755278	0.604119138844517
284	SoftImpAll	DS_50K	neuroticism.irritability	9.8604317246e-05	0.232998566929527	0.136698329036785	0.0010194514	0.303029493789085	0.515	0.414266750356873	0.355941630670598	0.397101251556775	37684.0041250927	94892.3	-0.034930157982571	0.500927291841625
285	SoftImpAll	DS_50K	neuroticism.loneliness	0.00054845637597	0.243501261629566	0.184794068426897	0.0010258574	0.351050271340597	0.36	0.61249387366083	0.290402020194993	0.450437481309012	39812.2619469597	76943	-0.118695112487153	0.605697635746285
286	SoftImpAll	DS_50K	neuroticism.miserableness	6.912731614977e-07	0.35192520722804	0.230188551386414	0.0014936082	0.273065202584324	0.335	0.730102999566398	0.374944440328608	0.505945705065461	45571.1221899961	66888.9	-0.0992443534893309	0.80309476794541
287	SoftImpAll	DS_50K	neuroticism.moodswings	6.96431387429837e-07	0.387366212693911	0.257870565984287	0.0016998372	0.366571856526526	0.465	0.572699872793626	0.404866233053174	0.55190428635571	49192.7327050337	83308.1	-0.118060096635291	0.892792522023114
288	SoftImpAll	DS_50K	neuroticism.nerves	0.00269128527807	0.191004804321819	0.158952788800446	0.0007842109	0.522335550685633	0.1502	1.2698970004336	0.148848020925148	0.96054553413196	32528.3524720273	43157.1	-0.120542661727056	0.502552270370693
289	SoftImpAll	DS_50K	neuroticism.nervous	0.0021502378569	0.129872939651088	0.0714328881441954	0.0006032101	0.449986060861175	0.49	0.520411998265592	0.39496835316263	0.5204152040734	47713.4587140312	87432.7	-0.0101355211115348	0.269881400413711
290	SoftImpAll	DS_50K	neuroticism.sensitivity	0.00017022348868213	0.230493783064484	0.179198250157175	0.0009968294	0.449452439150467	0.36	0.61249387366083	0.290402020194993	0.450437481309012	39831.298151635	76916	-0.12073478724358	0.581722353372548
291	SoftImpAll	DS_50K	neuroticism.tense	8.8875785e-06	0.257625950188593	0.152157615787431	0.0011066958	0.132318762238239	0.49	0.539794000867204	0.442718872423573	0.519168002497863	49079.016379372	84175.9	-0.0406029767547715	0.555854877131958
292	SoftImpAll	DS_50K	neuroticism.worrytoolong	0.0029802264756	0.12375201888391	0.0761884581401563	0.0005466503	0.470257124798959	0.425	0.574472749489669	0.405003429340762	0.461448462152972	44731.4676919702	79221.1	-0.0255773590707965	0.273081396838616
293	SoftImpAll	DS_50K	neuroticismscore.baseline	4.14939741480634e-09	0.454426278157521	0.261055214548686	0.002010322	0.333776203101818	0.445	0.492081875395238	0.330361754579565	0.41246483964665	38717.7348833839	87405.5	-0.0572419423579038	0.966094498672947
294	SoftImpAll	DS_50K	nvehicles.baseline	0.056686944	0.0325822338853626	0.0131522975872198	0.0001653338	0.46092702760053	0.5102	0.844369749923271	0.44057558312331	1.18206776780629	55825.8214131736	84491.3	0.00680373061441185	0.0583607371563133
295	SoftImpAll	DS_50K	otheractivity.baseline	0.205017276	0.0256072471181399	0.024754507542036	0.00011217195	0.865620013549676	0.1755	1.82218487496164	0.309928755254064	1.27974051972425	47027.8893666065	36588.5	-0.0229115876642506	0.0741260819005303
296	SoftImpAll	DS_50K	otherqualifications.baseline	0.115256548	0.0348267585258094	0.0216454434844963	0.0001792209	0.71966868949782	0.3851	0.754060751224077	0.349520449250748	0.872240912421047	44004.7228209024	76590.9	-0.00759831070380339	0.0772518277554222
297	SoftImpAll	DS_50K	physworkinjob.baseline	0.07279275122	0.105654464968516	0.130891217399729	0.00037107635	0.785625782866287	0.2002	1.2698970004336	0.304448791534252	0.994757899055267	42713.4257172145	45193.5	-0.150892321134954	0.362201251071985
298	SoftImpAll	DS_50K	Psypsy	1.036871163243e-05	0.367979405543345	0.133044862180956	0.0017633434	0.340347437328507	0.195	0.872699872793626	0.178652362611488	0.395135115416724	32866.447133141	52932.6	0.107211475668671	0.628747335418018
299	SoftImpAll	DS_50K	self.bronchitis	0.029761840154	0.246311246868907	0.247158216213331	0.0010205838	0.614736165793571	0.28	0.714266750356873	0.277088032541605	0.401998619193237	35031.7682771256	65435.8	-0.238118856909221	0.730741350647036
300	SoftImpAll	DS_50K	self.highbloodpressure	0.03237211875	0.0755518123450847	0.0610333184392969	0.00035544099	0.70592958898025	0.2753	1.3397940008672	0.390811420849835	1.21142141501922	51789.829519468	52157.9	-0.0440734917959372	0.195177116486107
301	SoftImpAll	DS_50K	self.stroke	0.18411913	0.0819675845970106	0.080646885865886	0.00034891425	0.638282056005826	0.1452	1.31249387366083	0.158700136525881	0.954100788954858	34265.7379836867	41183.3	-0.076100311700126	0.240035480894147
302	SoftImpAll	DS_50K	SelfRepDep	0.000963582579	0.259609788524175	0.120116001763768	0.0011751665	0.266385250560788	0.245	0.842596873227228	0.301339601704714	0.451038622224815	39702.2179587545	56274.2	0.0241824250671897	0.49503715198116
303	SoftImpAll	DS_50K	sibling.bronchitis	0.0880815779	0.163543679861189	0.11910387336223	0.0007309763	0.713763782296146	0.2052	1.28239087409443	0.30847863243127	1.00357870986304	44462.0304274707	45539.8	-0.0698999119287818	0.39698727165116
304	SoftImpAll	DS_50K	sibling.highbloodpressure	0.0848710776	0.0516052802397462	0.0305887856708807	0.00025737349	0.693471075989026	0.3203	1.25228787452803	0.390737493579627	1.25478334121949	54030.7863253288	60025.4	-0.00834873967517988	0.111559300154672
305	SoftImpAll	DS_50K	sibling.nbrothers	0.01714213757	0.0715575804883125	0.0598401287456075	0.00028701829	0.493712102960574	0.2901	0.969897000433602	0.380558201126246	0.84617002399822	46761.4166623154	57985.6	-0.0457290718530781	0.188844232829703
306	SoftImpAll	DS_50K	sibling.severedepression	0.006917197858	0.23526825996311	0.121795197802238	0.0011183032	0.477277723523294	0.32	0.752287874528034	0.375795452636434	0.489642281033774	45306.4830912751	64448.9	-0.00345032772927625	0.473986847655496
307	SoftImpAll	DS_50K	smokingexpoutside.baseline	0.1272636155	0.0309741390174134	0.0229616069446995	0.00016311515	0.764273690234167	0.2852	1.1	0.317824479862707	1.07604380764084	48108.9017566742	60277.7	-0.0140306105941975	0.0759788886290244
308	SoftImpAll	DS_50K	sports.baseline	0.0340611819	0.0737563284592863	0.0524717556634185	0.0003399197	0.533491878044328	0.095	1.13290587192642	0.0864420165325996	0.293628156781799	20134.7099476942	33388.3	-0.029088312641014	0.176600969559587
309	SoftImpAll	DS_50K	stress.closerelativedeath	0.26517932	0.0370688144254353	0.0358791202178209	0.00014611258	0.651011384668703	0.1452	1.32498774732166	0.165553482462785	0.952163341854766	35365.569337202	40698.1	-0.0332542612014937	0.107391890052364
310	SoftImpAll	DS_50K	stress.finance	0.00104353983	0.294877259295115	0.199148703208249	0.0012580501	0.229516287723952	0.165	0.879588001734408	0.108140854650056	0.323597522001628	23305.1507668727	50111.6	-0.0954541989930532	0.685208717583283
311	SoftImpAll	DS_50K	stressbinary	0.00657709391424	0.120994313531799	0.0842256281278339	0.0005312768	0.502391971121598	0.2151	1.00457574905607	0.184035292509043	0.812434525003694	38000.8710808055	55517.7	-0.044087917598755	0.286076544662354
312	SoftImpAll	DS_50K	townsend	0.00486323448116	0.081576535588613	0.0409901623986287	0.0003980459	0.555005831282557	0.2151	0.992081875395238	0.177895381240398	0.809226279950116	36854.8512592907	56089.3	0.00123581728730084	0.161917253889925
313	SoftImpAll	DS_50K	trauma	0.005738108933	0.327852136908714	0.227352530170542	0.0015124834	0.546704601734776	0.3901	0.839794000867204	0.433105183529359	0.888557921051886	52451.0538376283	69756.7	-0.117758822225549	0.773463096042977
314	SoftImpAll	DS_50K	unabletowork.baseline	0.00229397704	0.299339767655014	0.233183413010077	0.0012876709	0.299149253814087	0.29	0.742596873227228	0.302581485810939	0.448956358157774	40541.2623446779	64616.5	-0.157699721844738	0.756379257154765
315	SoftImpAll	DS_50K	years.currenthousing.baseline	0.1169650099	0.0358289528778096	0.0314503804377309	0.000163084409	0.86490030706498	0.3501	0.864781748188864	0.374061922978298	0.883985034376324	48593.7423273592	68330.4	-0.0258137927801429	0.0974716985357622
316	SoftImpAll	Full	abletoconfide.baseline	0.000839104822951727	0.0375703011088155	0.0154973576738408	0.0007923268	0.472966238943858	0.20157003	1.13738892605161	0.29864960707101	0.731848030801869	41347.7217236129	49323.2	0.00719548006808758	0.0679451221495433
317	SoftImpAll	Full	agefirstsex.baseline	6.0544532823937e-05	0.0412805627182768	0.0142438157270496	0.0008746385	0.394348219621455	0.400175	0.522130984093329	0.335972049308669	0.340088717407245	34120.5258147904	84436.9	0.0133626838932596	0.0691984415432941
318	SoftImpAll	Full	alcoholfreq.baseline	3.66261837093385e-06	0.0593960750883436	0.0326356042113604	0.001184946	0.375491421811626	0.23799503	0.820237437896466	0.282881101492211	0.434481963502603	33916.0228499091	60673.8	-0.00456970916592266	0.12336185934261
319	SoftImpAll	Full	alevels.baseline	4.64666899042e-06	0.063411706598878	0.0257842555201649	0.0012809398	0.301838295377504	0.22830004	0.999513029913395	0.304779435956931	0.628122058135471	42211.2727104186	54657.5	0.0128745657793548	0.113948847418401
320	SoftImpAll	Full	averageatage10.baseline	3.68009591244e-05	0.0503120900758247	0.0197427511277932	0.0010361175	0.342360401454056	0.11139006	1.52183810634182	0.182111497897127	0.792690096314186	37301.9606395636	33099	0.01161629786535	0.0890078822862993
321	SoftImpAll	Full	college.baseline	1.35518353223816e-06	0.0853086191591869	0.0313713667039571	0.0017612678	0.347403765395556	0.31868001	0.632799260159497	0.273981356949704	0.380646030112054	32841.0291075728	75443.2	0.0238207404194311	0.146796497898943
322	SoftImpAll	Full	currentsmoking.baseline	8.5298792225e-07	0.10468055430404	0.032985193451681	0.002135946	0.217984542781919	0.10925006	1.16461253803752	0.0984867196631235	0.469863137894356	25155.3542734389	39912.8	0.040029575138745	0.169331533469335
323	SoftImpAll	Full	DepAll	1.18832513911e-15	0.658954444613249	0.227273788414962	0.01330999	0.142444840508352	0.18282504	0.933713474649708	0.162947778846825	0.462981605591995	32369.8784813907	54326.3	0.213497819319924	1.10441106990657
324	SoftImpAll	Full	educatedyrs	1.4095490936e-09	0.127750192460459	0.0344120362956188	0.002626123	0.163604034427543	0.19534002	0.855980692025585	0.151087386768208	0.409538800725715	29228.006259028	58192.1	0.0603026013210465	0.195197783599872
325	SoftImpAll	Full	educationage.baseline	2.0001235532e-06	0.06122933647642	0.0185212310549647	0.0012631175	0.257978352422346	0.23299503	0.816563219040252	0.283892047057606	0.392858025738883	33209.4418970134	59889	0.0249277236086891	0.0975309493441508
326	SoftImpAll	Full	eversmoked.baseline	1.397795301048e-07	0.0679083677935978	0.0234385176364002	0.0014034104	0.276057200753167	0.04805006	1.75624091812621	0.0773351332441501	0.680213902205129	21997.7932974095	21023.8	0.0219688732262534	0.113847862360942
327	SoftImpAll	Full	familyhappiness.baseline	3.14924758179856e-07	0.145754172504558	0.0339950629269398	0.003097365	0.320151720115933	0.10771004	1.32183966230572	0.102388846040756	0.775066648687724	26702.0651188464	38591.5	0.0791238491677565	0.21238449584136
328	SoftImpAll	Full	father.age	0.002291835057	0.0869634509061403	0.0499172937986795	0.001748105	0.400763952757795	0.151495055	1.06490190473068	0.1396146044655	0.60578539891622	29931.5549287964	48350.3	-0.0108744449392715	0.184801346751552
329	SoftImpAll	Full	father.severedepression	0.00011607546869831	0.144224564178135	0.0524995691612775	0.002989329	0.344523973344864	0.081810045	1.50898303372057	0.0805935700433679	0.83417903803093	24625.4588453585	31865.3	0.041325408622031	0.247123719734239
330	SoftImpAll	Full	financehappiness.baseline	9.60604047251071e-08	0.167600996789034	0.0381774718195016	0.00358293	0.313952922389979	0.19328507	1.00335925674749	0.294421527392845	0.504696816255199	36510.6685072246	49749.2	0.0927731520228105	0.242428841555257
331	SoftImpAll	Full	getupmorning.baseline	1.49102827402623e-10	0.0826300527489533	0.0226070624795989	0.001730256	0.255993309381338	0.21016503	0.797771363114609	0.152362708889391	0.354708516673946	28545.8084724263	61389.3	0.0383202102889394	0.126939895208967
332	SoftImpAll	Full	GPpsy	4.05143000003548e-49	0.572988363941407	0.158602785612879	0.011716271	0.0989173468283287	0.20539502	0.729460385752929	0.0909678251679106	0.207659424619411	17511.2929772	63804.2	0.262126904140164	0.88384982374265
333	SoftImpAll	Full	happiness.baseline	5.182719884667e-08	0.177256052513097	0.0542768855100091	0.003692029	0.268783231967782	0.07868507	1.18062100541023	0.0411950795484404	0.306079854258203	12774.0828694492	34765.6	0.070873356913479	0.283638748112715
334	SoftImpAll	Full	healthhappiness.baseline	2.038719844071e-11	0.243228073378005	0.0515831889901673	0.005073487	0.191247185128154	0.20686504	1.00728713486635	0.3016109689591	0.555703735041608	39325.2138072877	51393.1	0.142125022957277	0.344331123798732
335	SoftImpAll	Full	ICD10Dep	9.750667576115e-09	0.317054375159136	0.120427507840059	0.006419652	0.251061882226498	0.19417005	0.824100114554585	0.134063938095897	0.341920170922076	26726.4993303567	59004.3	0.0810164597926196	0.553092290525652
336	SoftImpAll	Full	ICD10Dep.exclpsych	6.3142130282799e-07	0.30442269227569	0.129325467723134	0.00614198	0.294117663492314	0.15175006	1.00682110224071	0.132860860104774	0.461406379794554	28824.7174412286	48986.7	0.0509447755383475	0.557900609013032
337	SoftImpAll	Full	income.baseline	8.99921421545466e-12	0.105572500203547	0.0421530340505231	0.002158448	0.257873978879879	0.12628007	1.04860243388228	0.119985611548506	0.365591896641417	25331.7779426027	44099.8	0.022952553464522	0.188192446942573
338	SoftImpAll	Full	insomnia.baseline	3.70439106107846e-13	0.103378782616924	0.0468347522439057	0.002071474	0.250168965287449	0.27209501	0.646194687811464	0.138572289834989	0.324568874927376	25325.6589167324	73677.7	0.0115826682188691	0.195174897014979
339	SoftImpAll	Full	LifetimeMDD	1.05899976235592e-15	1	0	0.02136691	0.189600562362208	0.27116504	0.812889389331615	0.305823408576116	0.496379971750151	40603.2881345013	63740	1	1
340	SoftImpAll	Full	maternalsmokingatbirth.baseline	2.3035281708274e-07	0.0847579784966356	0.0244936927240796	0.001773871	0.278643105573032	0.15967502	0.888093245191024	0.104280369458716	0.313135569698026	21832.745602522	53245.9	0.0367503407574395	0.132765616235832
341	SoftImpAll	Full	mother.age	0.00021919854828	0.0723203477038102	0.0322404702697779	0.0014818247	0.369715049226821	0.22408003	0.821459696676695	0.179832047771748	0.453861557897555	32988.4636032053	62125.7	0.00912902597504543	0.135511669432575
342	SoftImpAll	Full	mother.bronchitis	0.00021933506999	0.0709871259787875	0.0282698222763418	0.0014790914	0.372526712852285	0.13188504	1.02687663210367	0.0948460137228433	0.43161653459726	23185.4118121719	46464.3	0.0155782743171575	0.126395977640418
343	SoftImpAll	Full	mother.severedepression	1.532451675134e-07	0.152578978608401	0.057576986635428	0.003143795	0.299230300850699	0.29652503	0.920899297282563	0.388121547022038	0.653595884650215	48171.1834077179	60748.3	0.0397280848029618	0.26542987241384
344	SoftImpAll	Full	neuroticism.anxious	1.06203000006482e-16	0.233301332773247	0.0730247518563541	0.004779363	0.181690110212838	0.17683004	0.850773489628725	0.124940390829665	0.313526654657058	24194.3057077027	56159.3	0.0901728191347926	0.376429846411701
345	SoftImpAll	Full	neuroticism.fedup	3.99369848462358e-32	0.37283210991193	0.0831426489325381	0.00775347	0.168856419856828	0.16000003	0.860731792727959	0.0886028537350933	0.260812397718165	18796.89808216	54163.2	0.209872518004156	0.535791701819705
346	SoftImpAll	Full	neuroticism.guilt	3.693435872449e-27	0.27736797538739	0.0491266315121863	0.005770594	0.104794523266433	0.23925504	0.836858437689627	0.289873287881681	0.442783229252234	36056.25808665	59982.1	0.181079777623505	0.373656173151276
347	SoftImpAll	Full	neuroticism.irritability	1.74485402543416e-19	0.269760777547427	0.0589137585344744	0.005668281	0.22560381139398	0.21900502	0.787922358627781	0.152881826544417	0.38629674984677	29061.0660506458	63005	0.154289810819858	0.385231744274997
348	SoftImpAll	Full	neuroticism.loneliness	7.96326732812844e-23	0.302058083492363	0.0781380567353261	0.006194908	0.12231357332666	0.30497002	0.689326805883178	0.288701436266684	0.429773412261539	36154.1805950571	71825.5	0.148907492291124	0.455208674693602
349	SoftImpAll	Full	neuroticism.miserableness	1.11528535772862e-41	0.405018728988161	0.0724253018753018	0.008416724	0.0929631022795876	0.24126002	0.708621619376898	0.140411465591515	0.33166813837467	25758.0483700403	68209.5	0.26306513731257	0.546972320663753
350	SoftImpAll	Full	neuroticism.moodswings	5.75404024971062e-43	0.448077690371086	0.106444586716956	0.009206049	0.0888226734070949	0.18786001	0.776050342411035	0.0802840375846275	0.24497104723896	17307.9236539543	60449.9	0.239446300405852	0.656709080336319
351	SoftImpAll	Full	neuroticism.nerves	5.13516145235155e-14	0.20237352567416	0.0649912984075379	0.004163842	0.20844822095967	0.18777502	0.753797648617011	0.0621946611946145	0.172994541122964	13440.9919954675	61187.4	0.074990580795386	0.329756470552934
352	SoftImpAll	Full	neuroticism.nervous	7.17856025765346e-18	0.198035286767428	0.049639313895251	0.004123392	0.218498986133936	0.210795045	1.11288701351825	0.308597889312743	0.694141269070062	43569.6304500687	49993	0.100742231532736	0.29532834200212
353	SoftImpAll	Full	neuroticism.sensitivity	8.38307617194e-24	0.230297441069008	0.05997852967833	0.004727899	0.10239588494274	0.22669002	0.750007269973024	0.143658499854503	0.355102503224949	26724.6910978926	65189.5	0.112739522899481	0.347855359238534
354	SoftImpAll	Full	neuroticism.tense	1.02907013470202e-26	0.323901416794786	0.0753090517468942	0.006687381	0.127707762892209	0.10530506	1.10816176216452	0.0811610893662337	0.365641363641558	20834.2907739994	40359.5	0.176295675370873	0.471507158218699
355	SoftImpAll	Full	neuroticism.worrytoolong	1.91439497974895e-13	0.135742399567585	0.0336983617420584	0.002826565	0.209400940368115	0.164075045	0.980989894534018	0.141755840174624	0.50320017635642	29391.6331148093	51528.6	0.0696936105531505	0.201791188582019
356	SoftImpAll	Full	neuroticismscore.baseline	1.05639787037548e-58	0.532455572726343	0.0858885613056073	0.01108898	0.0892939633470827	0.19836002	0.777928660267057	0.114300731525809	0.289078093738856	22068.9319252705	61253.9	0.364113992567353	0.700797152885334
357	SoftImpAll	Full	nvehicles.baseline	3.6673183702e-06	0.0388454115020502	0.00925527011158502	0.0008206946	0.267047220283247	0.14123005	0.964338933835954	0.0988436362027448	0.351557558170558	22711.8732142463	48832.7	0.0207050820833436	0.0569857409207569
358	SoftImpAll	Full	otheractivity.baseline	0.054699227	0.00993548704991853	0.00515829596789816	0.00021011363	0.497784947838031	0.222255025	0.94879985302579	0.285859628205973	0.597732359546132	36999.414851379	56223.7	-0.000174773047161866	0.0200457471469989
359	SoftImpAll	Full	otherqualifications.baseline	0.0051735186765	0.0242278846925335	0.0137672777083481	0.0004972359	0.523695227467176	0.117230045	1.32992591691074	0.104972015290861	0.92400491448352	28196.0801877771	40762.2	-0.00275597961582876	0.0512117490008957
360	SoftImpAll	Full	physworkinjob.baseline	0.00047967989105	0.0487585656033941	0.0168178755541998	0.0010304131	0.364690587615573	0.37119002	1.08248248572135	0.44351282933392	1.11997902563202	55742.1064910141	66239.5	0.0157955295171624	0.0817216016896258
361	SoftImpAll	Full	Psypsy	8.75923627056271e-26	0.395820977018681	0.128304511483115	0.00803799	0.122375301108324	0.20773003	0.820702668569766	0.15628581552258	0.394041227490711	29433.7574641016	60596.3	0.144344134511775	0.647297819525587
362	SoftImpAll	Full	self.bronchitis	3.266740145576e-06	0.163357188818312	0.0780611265269715	0.003256511	0.286719420314613	0.12565506	1.06930860902777	0.123872499806151	0.406976840985921	25830.722358592	43569.7	0.0103573808254482	0.316356996811176
363	SoftImpAll	Full	self.highbloodpressure	9.83666441154e-07	0.0701568996100711	0.0267819478334088	0.0014440936	0.259979818374237	0.11126506	1.12629716126307	0.10042480337824	0.429822439449445	24119.9549449091	40780.1	0.0176642818565899	0.122649517363552
364	SoftImpAll	Full	self.stroke	0.01228724309	0.0713086240237277	0.0370191821602817	0.0014424788	0.43222124506584	0.14222506	1.04465401547446	0.126043935814295	0.465556563211173	28726.2528081892	46966.8	-0.0012489730104245	0.14386622105788
365	SoftImpAll	Full	SelfRepDep	1.8802567249908e-13	0.328455867479511	0.0780632448299862	0.006778727	0.127876316873084	0.26508502	0.722315657837968	0.279019412939916	0.347143437017594	32051.1109296109	66415.4	0.175451907612738	0.481459827346284
366	SoftImpAll	Full	sibling.bronchitis	0.0019311557619	0.103769943055419	0.0317384786609456	0.0022274684	0.333251703898631	0.203440025	1.09352290056735	0.29343785066007	0.772704156978935	38623.0318081783	51138.5	0.0415625248799652	0.165977361230872
367	SoftImpAll	Full	sibling.highbloodpressure	0.0012429057491	0.037992280917486	0.0193113895785803	0.0007709641	0.362998955277614	0.20589005	1.36001256835382	0.309676746908956	1.21716949415693	44205.8315747042	48349.9	0.000141957343468745	0.0758426044915033
368	SoftImpAll	Full	sibling.nbrothers	1.5100398151828e-06	0.0474428869216158	0.0188923297056815	0.0009693476	0.311454133980764	0.22373502	0.882848493747738	0.283484347958287	0.488421893822557	34734.0098264255	57494.2	0.01041392069848	0.0844718531447515
369	SoftImpAll	Full	sibling.severedepression	8.68097337511555e-10	0.20400142120687	0.102778342449325	0.004011506	0.249442012763358	0.27862003	0.858406105744913	0.382550385420451	0.516402096062939	43163.3580590451	59828.4	0.00255587000619298	0.405446972407547
370	SoftImpAll	Full	smokingexpoutside.baseline	0.0005820728149	0.026527205266409	0.0156342555420912	0.0005276124	0.368433244537521	0.054505065	1.59196990827919	0.05706776042421	0.680507531835285	18749.1390809759	24922.5	-0.00411593559608981	0.0571703461289078
371	SoftImpAll	Full	sports.baseline	4.98304849e-07	0.059560561171177	0.0190209806842039	0.0012117138	0.144469630545769	0.20394003	0.802440917510706	0.143166610471864	0.350402660778853	26757.8233120708	60792.8	0.0222794390301373	0.0968416833122167
372	SoftImpAll	Full	stress.closerelativedeath	0.0037503379	0.0457056668970541	0.0182619914486077	0.0009225666	0.303097102018776	0.08654506	1.49726572375598	0.107722444473965	0.884507782836468	26711.3614453975	32285.4	0.00991216365778311	0.0814991701363251
373	SoftImpAll	Full	stress.finance	8.70000466888976e-10	0.239093280289726	0.0864760766162032	0.004894383	0.2586961762055	0.19685004	0.864403013640176	0.17332497849737	0.39399902047564	31438.0143324394	57284.5	0.0696001701219677	0.408586390457484
374	SoftImpAll	Full	stressbinary	1.9423419838014e-08	0.0979301582674624	0.0360153585929911	0.001998685	0.26549897862207	0.187305025	1.00417994078913	0.151334044586257	0.708225434862796	32398.3944705084	55349.6	0.0273400554251998	0.168520261109725
375	SoftImpAll	Full	townsend	4.54323860506256e-09	0.0795516908132074	0.0188425208807426	0.0016755331	0.265088105864244	0.21212502	0.737030796767309	0.115921081842594	0.254499458946149	21556.7941909016	64028.3	0.0426203498869519	0.116483031739463
376	SoftImpAll	Full	trauma	2.49515556634356e-12	0.406689071726828	0.147172918908493	0.008241337	0.227903047645061	0.14109504	0.995200875830147	0.0893136794325508	0.4499992880859	22909.0076277627	48841.6	0.118230150666183	0.695147992787474
377	SoftImpAll	Full	unabletowork.baseline	5.518093915078e-10	0.240313886156704	0.0670463004408224	0.004949919	0.194469777217969	0.15119004	1.0204876822243	0.140074813815104	0.478760777766532	29394.4255682755	48531.6	0.108903137292692	0.371724635020716
378	SoftImpAll	Full	years.currenthousing.baseline	0.00143919890764	0.0277921137060272	0.0129216024067705	0.0005851291	0.482054589082598	0.13755005	1.22792594895462	0.161737909079274	0.652540714227452	35139.4131134195	42292.2	0.002465772988757	0.0531184544232974
